tickIdx,liquidityNet,timestamp,current_tick,pool_id,cumulative_liquidity
-887220,233790947628124210053235,1742097602,-194201,0x11950d141ecb863f01007add7d1a342041227b58,233790947628124210053235
-375000,0,1742097602,-194201,0x11950d141ecb863f01007add7d1a342041227b58,233790947628124210053235
-359940,0,1742097602,-194201,0x11950d141ecb863f01007add7d1a342041227b58,233790947628124210053235
-359340,0,1742097602,-194201,0x11950d141ecb863f01007add7d1a342041227b58,233790947628124210053235
-348900,0,1742097602,-194201,0x11950d141ecb863f01007add7d1a342041227b58,233790947628124210053235
-345420,8146801180290562347706,1742097602,-194201,0x11950d141ecb863f01007add7d1a342041227b58,241937748808414772400941
-301980,0,1742097602,-194201,0x11950d141ecb863f01007add7d1a342041227b58,241937748808414772400941
-278760,9235114715599991229359,1742097602,-194201,0x11950d141ecb863f01007add7d1a342041227b58,251172863524014763630300
-266760,0,1742097602,-194201,0x11950d141ecb863f01007add7d1a342041227b58,251172863524014763630300
-256920,0,1742097602,-194201,0x11950d141ecb863f01007add7d1a342041227b58,251172863524014763630300
-254220,0,1742097602,-194201,0x11950d141ecb863f01007add7d1a342041227b58,251172863524014763630300
-250200,0,1742097602,-194201,0x11950d141ecb863f01007add7d1a342041227b58,251172863524014763630300
-248940,0,1742097602,-194201,0x11950d141ecb863f01007add7d1a342041227b58,251172863524014763630300
-246480,0,1742097602,-194201,0x11950d141ecb863f01007add7d1a342041227b58,251172863524014763630300
-246420,0,1742097602,-194201,0x11950d141ecb863f01007add7d1a342041227b58,251172863524014763630300
-244200,0,1742097602,-194201,0x11950d141ecb863f01007add7d1a342041227b58,251172863524014763630300
-240480,0,1742097602,-194201,0x11950d141ecb863f01007add7d1a342041227b58,251172863524014763630300
-239880,0,1742097602,-194201,0x11950d141ecb863f01007add7d1a342041227b58,251172863524014763630300
-239040,0,1742097602,-194201,0x11950d141ecb863f01007add7d1a342041227b58,251172863524014763630300
-238200,0,1742097602,-194201,0x11950d141ecb863f01007add7d1a342041227b58,251172863524014763630300
-237720,0,1742097602,-194201,0x11950d141ecb863f01007add7d1a342041227b58,251172863524014763630300
-237240,0,1742097602,-194201,0x11950d141ecb863f01007add7d1a342041227b58,251172863524014763630300
-237180,0,1742097602,-194201,0x11950d141ecb863f01007add7d1a342041227b58,251172863524014763630300
-237060,9774809955922891407380,1742097602,-194201,0x11950d141ecb863f01007add7d1a342041227b58,260947673479937655037680
-236640,0,1742097602,-194201,0x11950d141ecb863f01007add7d1a342041227b58,260947673479937655037680
-235380,0,1742097602,-194201,0x11950d141ecb863f01007add7d1a342041227b58,260947673479937655037680
-235260,0,1742097602,-194201,0x11950d141ecb863f01007add7d1a342041227b58,260947673479937655037680
-235080,0,1742097602,-194201,0x11950d141ecb863f01007add7d1a342041227b58,260947673479937655037680
-235020,0,1742097602,-194201,0x11950d141ecb863f01007add7d1a342041227b58,260947673479937655037680
-234780,0,1742097602,-194201,0x11950d141ecb863f01007add7d1a342041227b58,260947673479937655037680
-234540,0,1742097602,-194201,0x11950d141ecb863f01007add7d1a342041227b58,260947673479937655037680
-234480,0,1742097602,-194201,0x11950d141ecb863f01007add7d1a342041227b58,260947673479937655037680
-234180,0,1742097602,-194201,0x11950d141ecb863f01007add7d1a342041227b58,260947673479937655037680
-233760,0,1742097602,-194201,0x11950d141ecb863f01007add7d1a342041227b58,260947673479937655037680
-233580,0,1742097602,-194201,0x11950d141ecb863f01007add7d1a342041227b58,260947673479937655037680
-233340,0,1742097602,-194201,0x11950d141ecb863f01007add7d1a342041227b58,260947673479937655037680
-233280,0,1742097602,-194201,0x11950d141ecb863f01007add7d1a342041227b58,260947673479937655037680
-232920,0,1742097602,-194201,0x11950d141ecb863f01007add7d1a342041227b58,260947673479937655037680
-232740,0,1742097602,-194201,0x11950d141ecb863f01007add7d1a342041227b58,260947673479937655037680
-232560,0,1742097602,-194201,0x11950d141ecb863f01007add7d1a342041227b58,260947673479937655037680
-232500,0,1742097602,-194201,0x11950d141ecb863f01007add7d1a342041227b58,260947673479937655037680
-232440,0,1742097602,-194201,0x11950d141ecb863f01007add7d1a342041227b58,260947673479937655037680
-232260,0,1742097602,-194201,0x11950d141ecb863f01007add7d1a342041227b58,260947673479937655037680
-232080,0,1742097602,-194201,0x11950d141ecb863f01007add7d1a342041227b58,260947673479937655037680
-231600,0,1742097602,-194201,0x11950d141ecb863f01007add7d1a342041227b58,260947673479937655037680
-231480,0,1742097602,-194201,0x11950d141ecb863f01007add7d1a342041227b58,260947673479937655037680
-231360,0,1742097602,-194201,0x11950d141ecb863f01007add7d1a342041227b58,260947673479937655037680
-231240,0,1742097602,-194201,0x11950d141ecb863f01007add7d1a342041227b58,260947673479937655037680
-231180,0,1742097602,-194201,0x11950d141ecb863f01007add7d1a342041227b58,260947673479937655037680
-231120,0,1742097602,-194201,0x11950d141ecb863f01007add7d1a342041227b58,260947673479937655037680
-231000,0,1742097602,-194201,0x11950d141ecb863f01007add7d1a342041227b58,260947673479937655037680
-230940,0,1742097602,-194201,0x11950d141ecb863f01007add7d1a342041227b58,260947673479937655037680
-230880,0,1742097602,-194201,0x11950d141ecb863f01007add7d1a342041227b58,260947673479937655037680
-230760,0,1742097602,-194201,0x11950d141ecb863f01007add7d1a342041227b58,260947673479937655037680
-230640,0,1742097602,-194201,0x11950d141ecb863f01007add7d1a342041227b58,260947673479937655037680
-230520,0,1742097602,-194201,0x11950d141ecb863f01007add7d1a342041227b58,260947673479937655037680
-230400,0,1742097602,-194201,0x11950d141ecb863f01007add7d1a342041227b58,260947673479937655037680
-230340,0,1742097602,-194201,0x11950d141ecb863f01007add7d1a342041227b58,260947673479937655037680
-230280,0,1742097602,-194201,0x11950d141ecb863f01007add7d1a342041227b58,260947673479937655037680
-230220,0,1742097602,-194201,0x11950d141ecb863f01007add7d1a342041227b58,260947673479937655037680
-230100,0,1742097602,-194201,0x11950d141ecb863f01007add7d1a342041227b58,260947673479937655037680
-230040,0,1742097602,-194201,0x11950d141ecb863f01007add7d1a342041227b58,260947673479937655037680
-229980,0,1742097602,-194201,0x11950d141ecb863f01007add7d1a342041227b58,260947673479937655037680
-229920,0,1742097602,-194201,0x11950d141ecb863f01007add7d1a342041227b58,260947673479937655037680
-229860,0,1742097602,-194201,0x11950d141ecb863f01007add7d1a342041227b58,260947673479937655037680
-229800,0,1742097602,-194201,0x11950d141ecb863f01007add7d1a342041227b58,260947673479937655037680
-229740,0,1742097602,-194201,0x11950d141ecb863f01007add7d1a342041227b58,260947673479937655037680
-229680,0,1742097602,-194201,0x11950d141ecb863f01007add7d1a342041227b58,260947673479937655037680
-229620,0,1742097602,-194201,0x11950d141ecb863f01007add7d1a342041227b58,260947673479937655037680
-229560,0,1742097602,-194201,0x11950d141ecb863f01007add7d1a342041227b58,260947673479937655037680
-229500,0,1742097602,-194201,0x11950d141ecb863f01007add7d1a342041227b58,260947673479937655037680
-229380,0,1742097602,-194201,0x11950d141ecb863f01007add7d1a342041227b58,260947673479937655037680
-229320,0,1742097602,-194201,0x11950d141ecb863f01007add7d1a342041227b58,260947673479937655037680
-229260,0,1742097602,-194201,0x11950d141ecb863f01007add7d1a342041227b58,260947673479937655037680
-229200,0,1742097602,-194201,0x11950d141ecb863f01007add7d1a342041227b58,260947673479937655037680
-229140,0,1742097602,-194201,0x11950d141ecb863f01007add7d1a342041227b58,260947673479937655037680
-229080,0,1742097602,-194201,0x11950d141ecb863f01007add7d1a342041227b58,260947673479937655037680
-229020,0,1742097602,-194201,0x11950d141ecb863f01007add7d1a342041227b58,260947673479937655037680
-228960,0,1742097602,-194201,0x11950d141ecb863f01007add7d1a342041227b58,260947673479937655037680
-228900,0,1742097602,-194201,0x11950d141ecb863f01007add7d1a342041227b58,260947673479937655037680
-228840,0,1742097602,-194201,0x11950d141ecb863f01007add7d1a342041227b58,260947673479937655037680
-228780,0,1742097602,-194201,0x11950d141ecb863f01007add7d1a342041227b58,260947673479937655037680
-228720,0,1742097602,-194201,0x11950d141ecb863f01007add7d1a342041227b58,260947673479937655037680
-228660,0,1742097602,-194201,0x11950d141ecb863f01007add7d1a342041227b58,260947673479937655037680
-228600,0,1742097602,-194201,0x11950d141ecb863f01007add7d1a342041227b58,260947673479937655037680
-228480,0,1742097602,-194201,0x11950d141ecb863f01007add7d1a342041227b58,260947673479937655037680
-228420,0,1742097602,-194201,0x11950d141ecb863f01007add7d1a342041227b58,260947673479937655037680
-228360,0,1742097602,-194201,0x11950d141ecb863f01007add7d1a342041227b58,260947673479937655037680
-228300,0,1742097602,-194201,0x11950d141ecb863f01007add7d1a342041227b58,260947673479937655037680
-228180,0,1742097602,-194201,0x11950d141ecb863f01007add7d1a342041227b58,260947673479937655037680
-228120,0,1742097602,-194201,0x11950d141ecb863f01007add7d1a342041227b58,260947673479937655037680
-228060,0,1742097602,-194201,0x11950d141ecb863f01007add7d1a342041227b58,260947673479937655037680
-228000,0,1742097602,-194201,0x11950d141ecb863f01007add7d1a342041227b58,260947673479937655037680
-227940,0,1742097602,-194201,0x11950d141ecb863f01007add7d1a342041227b58,260947673479937655037680
-227820,0,1742097602,-194201,0x11950d141ecb863f01007add7d1a342041227b58,260947673479937655037680
-227760,0,1742097602,-194201,0x11950d141ecb863f01007add7d1a342041227b58,260947673479937655037680
-227700,0,1742097602,-194201,0x11950d141ecb863f01007add7d1a342041227b58,260947673479937655037680
-227640,0,1742097602,-194201,0x11950d141ecb863f01007add7d1a342041227b58,260947673479937655037680
-227580,0,1742097602,-194201,0x11950d141ecb863f01007add7d1a342041227b58,260947673479937655037680
-227520,0,1742097602,-194201,0x11950d141ecb863f01007add7d1a342041227b58,260947673479937655037680
-227400,0,1742097602,-194201,0x11950d141ecb863f01007add7d1a342041227b58,260947673479937655037680
-227340,0,1742097602,-194201,0x11950d141ecb863f01007add7d1a342041227b58,260947673479937655037680
-227280,0,1742097602,-194201,0x11950d141ecb863f01007add7d1a342041227b58,260947673479937655037680
-227220,0,1742097602,-194201,0x11950d141ecb863f01007add7d1a342041227b58,260947673479937655037680
-227160,0,1742097602,-194201,0x11950d141ecb863f01007add7d1a342041227b58,260947673479937655037680
-227100,0,1742097602,-194201,0x11950d141ecb863f01007add7d1a342041227b58,260947673479937655037680
-227040,0,1742097602,-194201,0x11950d141ecb863f01007add7d1a342041227b58,260947673479937655037680
-226980,0,1742097602,-194201,0x11950d141ecb863f01007add7d1a342041227b58,260947673479937655037680
-226920,0,1742097602,-194201,0x11950d141ecb863f01007add7d1a342041227b58,260947673479937655037680
-226860,0,1742097602,-194201,0x11950d141ecb863f01007add7d1a342041227b58,260947673479937655037680
-226800,0,1742097602,-194201,0x11950d141ecb863f01007add7d1a342041227b58,260947673479937655037680
-226740,0,1742097602,-194201,0x11950d141ecb863f01007add7d1a342041227b58,260947673479937655037680
-226680,0,1742097602,-194201,0x11950d141ecb863f01007add7d1a342041227b58,260947673479937655037680
-226620,0,1742097602,-194201,0x11950d141ecb863f01007add7d1a342041227b58,260947673479937655037680
-226500,0,1742097602,-194201,0x11950d141ecb863f01007add7d1a342041227b58,260947673479937655037680
-226440,0,1742097602,-194201,0x11950d141ecb863f01007add7d1a342041227b58,260947673479937655037680
-226380,0,1742097602,-194201,0x11950d141ecb863f01007add7d1a342041227b58,260947673479937655037680
-226320,0,1742097602,-194201,0x11950d141ecb863f01007add7d1a342041227b58,260947673479937655037680
-226260,0,1742097602,-194201,0x11950d141ecb863f01007add7d1a342041227b58,260947673479937655037680
-226200,0,1742097602,-194201,0x11950d141ecb863f01007add7d1a342041227b58,260947673479937655037680
-226140,0,1742097602,-194201,0x11950d141ecb863f01007add7d1a342041227b58,260947673479937655037680
-226080,0,1742097602,-194201,0x11950d141ecb863f01007add7d1a342041227b58,260947673479937655037680
-226020,0,1742097602,-194201,0x11950d141ecb863f01007add7d1a342041227b58,260947673479937655037680
-225900,0,1742097602,-194201,0x11950d141ecb863f01007add7d1a342041227b58,260947673479937655037680
-225840,0,1742097602,-194201,0x11950d141ecb863f01007add7d1a342041227b58,260947673479937655037680
-225780,0,1742097602,-194201,0x11950d141ecb863f01007add7d1a342041227b58,260947673479937655037680
-225720,665766869968226401633,1742097602,-194201,0x11950d141ecb863f01007add7d1a342041227b58,261613440349905881439313
-225600,0,1742097602,-194201,0x11950d141ecb863f01007add7d1a342041227b58,261613440349905881439313
-225540,0,1742097602,-194201,0x11950d141ecb863f01007add7d1a342041227b58,261613440349905881439313
-225480,0,1742097602,-194201,0x11950d141ecb863f01007add7d1a342041227b58,261613440349905881439313
-225420,0,1742097602,-194201,0x11950d141ecb863f01007add7d1a342041227b58,261613440349905881439313
-225360,0,1742097602,-194201,0x11950d141ecb863f01007add7d1a342041227b58,261613440349905881439313
-225300,715927214815753646,1742097602,-194201,0x11950d141ecb863f01007add7d1a342041227b58,261614156277120697192959
-225240,0,1742097602,-194201,0x11950d141ecb863f01007add7d1a342041227b58,261614156277120697192959
-225180,0,1742097602,-194201,0x11950d141ecb863f01007add7d1a342041227b58,261614156277120697192959
-225120,0,1742097602,-194201,0x11950d141ecb863f01007add7d1a342041227b58,261614156277120697192959
-225060,0,1742097602,-194201,0x11950d141ecb863f01007add7d1a342041227b58,261614156277120697192959
-225000,0,1742097602,-194201,0x11950d141ecb863f01007add7d1a342041227b58,261614156277120697192959
-224940,0,1742097602,-194201,0x11950d141ecb863f01007add7d1a342041227b58,261614156277120697192959
-224880,0,1742097602,-194201,0x11950d141ecb863f01007add7d1a342041227b58,261614156277120697192959
-224820,0,1742097602,-194201,0x11950d141ecb863f01007add7d1a342041227b58,261614156277120697192959
-224760,0,1742097602,-194201,0x11950d141ecb863f01007add7d1a342041227b58,261614156277120697192959
-224700,0,1742097602,-194201,0x11950d141ecb863f01007add7d1a342041227b58,261614156277120697192959
-224640,0,1742097602,-194201,0x11950d141ecb863f01007add7d1a342041227b58,261614156277120697192959
-224580,0,1742097602,-194201,0x11950d141ecb863f01007add7d1a342041227b58,261614156277120697192959
-224520,0,1742097602,-194201,0x11950d141ecb863f01007add7d1a342041227b58,261614156277120697192959
-224460,0,1742097602,-194201,0x11950d141ecb863f01007add7d1a342041227b58,261614156277120697192959
-224400,0,1742097602,-194201,0x11950d141ecb863f01007add7d1a342041227b58,261614156277120697192959
-224340,0,1742097602,-194201,0x11950d141ecb863f01007add7d1a342041227b58,261614156277120697192959
-224280,0,1742097602,-194201,0x11950d141ecb863f01007add7d1a342041227b58,261614156277120697192959
-224220,0,1742097602,-194201,0x11950d141ecb863f01007add7d1a342041227b58,261614156277120697192959
-224160,0,1742097602,-194201,0x11950d141ecb863f01007add7d1a342041227b58,261614156277120697192959
-224100,0,1742097602,-194201,0x11950d141ecb863f01007add7d1a342041227b58,261614156277120697192959
-224040,0,1742097602,-194201,0x11950d141ecb863f01007add7d1a342041227b58,261614156277120697192959
-223860,0,1742097602,-194201,0x11950d141ecb863f01007add7d1a342041227b58,261614156277120697192959
-223800,0,1742097602,-194201,0x11950d141ecb863f01007add7d1a342041227b58,261614156277120697192959
-223740,0,1742097602,-194201,0x11950d141ecb863f01007add7d1a342041227b58,261614156277120697192959
-223680,0,1742097602,-194201,0x11950d141ecb863f01007add7d1a342041227b58,261614156277120697192959
-223620,0,1742097602,-194201,0x11950d141ecb863f01007add7d1a342041227b58,261614156277120697192959
-223560,0,1742097602,-194201,0x11950d141ecb863f01007add7d1a342041227b58,261614156277120697192959
-223500,0,1742097602,-194201,0x11950d141ecb863f01007add7d1a342041227b58,261614156277120697192959
-223440,0,1742097602,-194201,0x11950d141ecb863f01007add7d1a342041227b58,261614156277120697192959
-223380,0,1742097602,-194201,0x11950d141ecb863f01007add7d1a342041227b58,261614156277120697192959
-223320,0,1742097602,-194201,0x11950d141ecb863f01007add7d1a342041227b58,261614156277120697192959
-223260,0,1742097602,-194201,0x11950d141ecb863f01007add7d1a342041227b58,261614156277120697192959
-223200,0,1742097602,-194201,0x11950d141ecb863f01007add7d1a342041227b58,261614156277120697192959
-223140,0,1742097602,-194201,0x11950d141ecb863f01007add7d1a342041227b58,261614156277120697192959
-223080,0,1742097602,-194201,0x11950d141ecb863f01007add7d1a342041227b58,261614156277120697192959
-223020,0,1742097602,-194201,0x11950d141ecb863f01007add7d1a342041227b58,261614156277120697192959
-222960,0,1742097602,-194201,0x11950d141ecb863f01007add7d1a342041227b58,261614156277120697192959
-222900,0,1742097602,-194201,0x11950d141ecb863f01007add7d1a342041227b58,261614156277120697192959
-222840,0,1742097602,-194201,0x11950d141ecb863f01007add7d1a342041227b58,261614156277120697192959
-222780,0,1742097602,-194201,0x11950d141ecb863f01007add7d1a342041227b58,261614156277120697192959
-222720,0,1742097602,-194201,0x11950d141ecb863f01007add7d1a342041227b58,261614156277120697192959
-222660,0,1742097602,-194201,0x11950d141ecb863f01007add7d1a342041227b58,261614156277120697192959
-222600,0,1742097602,-194201,0x11950d141ecb863f01007add7d1a342041227b58,261614156277120697192959
-222540,0,1742097602,-194201,0x11950d141ecb863f01007add7d1a342041227b58,261614156277120697192959
-222480,0,1742097602,-194201,0x11950d141ecb863f01007add7d1a342041227b58,261614156277120697192959
-222420,0,1742097602,-194201,0x11950d141ecb863f01007add7d1a342041227b58,261614156277120697192959
-222360,0,1742097602,-194201,0x11950d141ecb863f01007add7d1a342041227b58,261614156277120697192959
-222300,0,1742097602,-194201,0x11950d141ecb863f01007add7d1a342041227b58,261614156277120697192959
-222240,0,1742097602,-194201,0x11950d141ecb863f01007add7d1a342041227b58,261614156277120697192959
-222180,1650475060670360672308,1742097602,-194201,0x11950d141ecb863f01007add7d1a342041227b58,263264631337791057865267
-222120,0,1742097602,-194201,0x11950d141ecb863f01007add7d1a342041227b58,263264631337791057865267
-222060,0,1742097602,-194201,0x11950d141ecb863f01007add7d1a342041227b58,263264631337791057865267
-222000,0,1742097602,-194201,0x11950d141ecb863f01007add7d1a342041227b58,263264631337791057865267
-221940,0,1742097602,-194201,0x11950d141ecb863f01007add7d1a342041227b58,263264631337791057865267
-221880,0,1742097602,-194201,0x11950d141ecb863f01007add7d1a342041227b58,263264631337791057865267
-221820,0,1742097602,-194201,0x11950d141ecb863f01007add7d1a342041227b58,263264631337791057865267
-221760,0,1742097602,-194201,0x11950d141ecb863f01007add7d1a342041227b58,263264631337791057865267
-221700,0,1742097602,-194201,0x11950d141ecb863f01007add7d1a342041227b58,263264631337791057865267
-221640,0,1742097602,-194201,0x11950d141ecb863f01007add7d1a342041227b58,263264631337791057865267
-221580,0,1742097602,-194201,0x11950d141ecb863f01007add7d1a342041227b58,263264631337791057865267
-221520,0,1742097602,-194201,0x11950d141ecb863f01007add7d1a342041227b58,263264631337791057865267
-221460,0,1742097602,-194201,0x11950d141ecb863f01007add7d1a342041227b58,263264631337791057865267
-221400,0,1742097602,-194201,0x11950d141ecb863f01007add7d1a342041227b58,263264631337791057865267
-221340,0,1742097602,-194201,0x11950d141ecb863f01007add7d1a342041227b58,263264631337791057865267
-221280,0,1742097602,-194201,0x11950d141ecb863f01007add7d1a342041227b58,263264631337791057865267
-221220,0,1742097602,-194201,0x11950d141ecb863f01007add7d1a342041227b58,263264631337791057865267
-221160,0,1742097602,-194201,0x11950d141ecb863f01007add7d1a342041227b58,263264631337791057865267
-221100,0,1742097602,-194201,0x11950d141ecb863f01007add7d1a342041227b58,263264631337791057865267
-221040,0,1742097602,-194201,0x11950d141ecb863f01007add7d1a342041227b58,263264631337791057865267
-220980,0,1742097602,-194201,0x11950d141ecb863f01007add7d1a342041227b58,263264631337791057865267
-220920,6931073647842786593033,1742097602,-194201,0x11950d141ecb863f01007add7d1a342041227b58,270195704985633844458300
-220860,0,1742097602,-194201,0x11950d141ecb863f01007add7d1a342041227b58,270195704985633844458300
-220800,0,1742097602,-194201,0x11950d141ecb863f01007add7d1a342041227b58,270195704985633844458300
-220740,-6931073647842786593033,1742097602,-194201,0x11950d141ecb863f01007add7d1a342041227b58,263264631337791057865267
-220680,0,1742097602,-194201,0x11950d141ecb863f01007add7d1a342041227b58,263264631337791057865267
-220620,0,1742097602,-194201,0x11950d141ecb863f01007add7d1a342041227b58,263264631337791057865267
-220560,1118625434002766999087,1742097602,-194201,0x11950d141ecb863f01007add7d1a342041227b58,264383256771793824864354
-220500,42146211007650608198,1742097602,-194201,0x11950d141ecb863f01007add7d1a342041227b58,264425402982801475472552
-220440,0,1742097602,-194201,0x11950d141ecb863f01007add7d1a342041227b58,264425402982801475472552
-220380,0,1742097602,-194201,0x11950d141ecb863f01007add7d1a342041227b58,264425402982801475472552
-220320,0,1742097602,-194201,0x11950d141ecb863f01007add7d1a342041227b58,264425402982801475472552
-220260,0,1742097602,-194201,0x11950d141ecb863f01007add7d1a342041227b58,264425402982801475472552
-220200,0,1742097602,-194201,0x11950d141ecb863f01007add7d1a342041227b58,264425402982801475472552
-220140,0,1742097602,-194201,0x11950d141ecb863f01007add7d1a342041227b58,264425402982801475472552
-220080,0,1742097602,-194201,0x11950d141ecb863f01007add7d1a342041227b58,264425402982801475472552
-220020,0,1742097602,-194201,0x11950d141ecb863f01007add7d1a342041227b58,264425402982801475472552
-219960,0,1742097602,-194201,0x11950d141ecb863f01007add7d1a342041227b58,264425402982801475472552
-219900,0,1742097602,-194201,0x11950d141ecb863f01007add7d1a342041227b58,264425402982801475472552
-219840,0,1742097602,-194201,0x11950d141ecb863f01007add7d1a342041227b58,264425402982801475472552
-219780,0,1742097602,-194201,0x11950d141ecb863f01007add7d1a342041227b58,264425402982801475472552
-219720,0,1742097602,-194201,0x11950d141ecb863f01007add7d1a342041227b58,264425402982801475472552
-219660,0,1742097602,-194201,0x11950d141ecb863f01007add7d1a342041227b58,264425402982801475472552
-219600,0,1742097602,-194201,0x11950d141ecb863f01007add7d1a342041227b58,264425402982801475472552
-219540,0,1742097602,-194201,0x11950d141ecb863f01007add7d1a342041227b58,264425402982801475472552
-219480,0,1742097602,-194201,0x11950d141ecb863f01007add7d1a342041227b58,264425402982801475472552
-219420,0,1742097602,-194201,0x11950d141ecb863f01007add7d1a342041227b58,264425402982801475472552
-219360,0,1742097602,-194201,0x11950d141ecb863f01007add7d1a342041227b58,264425402982801475472552
-219300,0,1742097602,-194201,0x11950d141ecb863f01007add7d1a342041227b58,264425402982801475472552
-219240,0,1742097602,-194201,0x11950d141ecb863f01007add7d1a342041227b58,264425402982801475472552
-219180,0,1742097602,-194201,0x11950d141ecb863f01007add7d1a342041227b58,264425402982801475472552
-219120,0,1742097602,-194201,0x11950d141ecb863f01007add7d1a342041227b58,264425402982801475472552
-219060,0,1742097602,-194201,0x11950d141ecb863f01007add7d1a342041227b58,264425402982801475472552
-219000,0,1742097602,-194201,0x11950d141ecb863f01007add7d1a342041227b58,264425402982801475472552
-218940,0,1742097602,-194201,0x11950d141ecb863f01007add7d1a342041227b58,264425402982801475472552
-218880,0,1742097602,-194201,0x11950d141ecb863f01007add7d1a342041227b58,264425402982801475472552
-218820,0,1742097602,-194201,0x11950d141ecb863f01007add7d1a342041227b58,264425402982801475472552
-218760,0,1742097602,-194201,0x11950d141ecb863f01007add7d1a342041227b58,264425402982801475472552
-218700,0,1742097602,-194201,0x11950d141ecb863f01007add7d1a342041227b58,264425402982801475472552
-218640,0,1742097602,-194201,0x11950d141ecb863f01007add7d1a342041227b58,264425402982801475472552
-218580,0,1742097602,-194201,0x11950d141ecb863f01007add7d1a342041227b58,264425402982801475472552
-218520,0,1742097602,-194201,0x11950d141ecb863f01007add7d1a342041227b58,264425402982801475472552
-218460,0,1742097602,-194201,0x11950d141ecb863f01007add7d1a342041227b58,264425402982801475472552
-218400,0,1742097602,-194201,0x11950d141ecb863f01007add7d1a342041227b58,264425402982801475472552
-218340,0,1742097602,-194201,0x11950d141ecb863f01007add7d1a342041227b58,264425402982801475472552
-218280,0,1742097602,-194201,0x11950d141ecb863f01007add7d1a342041227b58,264425402982801475472552
-218220,46011254630247464373101,1742097602,-194201,0x11950d141ecb863f01007add7d1a342041227b58,310436657613048939845653
-218160,0,1742097602,-194201,0x11950d141ecb863f01007add7d1a342041227b58,310436657613048939845653
-218100,0,1742097602,-194201,0x11950d141ecb863f01007add7d1a342041227b58,310436657613048939845653
-218040,0,1742097602,-194201,0x11950d141ecb863f01007add7d1a342041227b58,310436657613048939845653
-217980,0,1742097602,-194201,0x11950d141ecb863f01007add7d1a342041227b58,310436657613048939845653
-217920,0,1742097602,-194201,0x11950d141ecb863f01007add7d1a342041227b58,310436657613048939845653
-217860,0,1742097602,-194201,0x11950d141ecb863f01007add7d1a342041227b58,310436657613048939845653
-217800,0,1742097602,-194201,0x11950d141ecb863f01007add7d1a342041227b58,310436657613048939845653
-217740,0,1742097602,-194201,0x11950d141ecb863f01007add7d1a342041227b58,310436657613048939845653
-217680,0,1742097602,-194201,0x11950d141ecb863f01007add7d1a342041227b58,310436657613048939845653
-217620,0,1742097602,-194201,0x11950d141ecb863f01007add7d1a342041227b58,310436657613048939845653
-217560,0,1742097602,-194201,0x11950d141ecb863f01007add7d1a342041227b58,310436657613048939845653
-217500,0,1742097602,-194201,0x11950d141ecb863f01007add7d1a342041227b58,310436657613048939845653
-217440,0,1742097602,-194201,0x11950d141ecb863f01007add7d1a342041227b58,310436657613048939845653
-217380,0,1742097602,-194201,0x11950d141ecb863f01007add7d1a342041227b58,310436657613048939845653
-217320,0,1742097602,-194201,0x11950d141ecb863f01007add7d1a342041227b58,310436657613048939845653
-217260,30707813396100706836152,1742097602,-194201,0x11950d141ecb863f01007add7d1a342041227b58,341144471009149646681805
-217200,0,1742097602,-194201,0x11950d141ecb863f01007add7d1a342041227b58,341144471009149646681805
-217140,0,1742097602,-194201,0x11950d141ecb863f01007add7d1a342041227b58,341144471009149646681805
-217080,0,1742097602,-194201,0x11950d141ecb863f01007add7d1a342041227b58,341144471009149646681805
-217020,0,1742097602,-194201,0x11950d141ecb863f01007add7d1a342041227b58,341144471009149646681805
-216960,0,1742097602,-194201,0x11950d141ecb863f01007add7d1a342041227b58,341144471009149646681805
-216900,1152921504606846976,1742097602,-194201,0x11950d141ecb863f01007add7d1a342041227b58,341145623930654253528781
-216840,-1152921504606846976,1742097602,-194201,0x11950d141ecb863f01007add7d1a342041227b58,341144471009149646681805
-216780,0,1742097602,-194201,0x11950d141ecb863f01007add7d1a342041227b58,341144471009149646681805
-216720,0,1742097602,-194201,0x11950d141ecb863f01007add7d1a342041227b58,341144471009149646681805
-216660,0,1742097602,-194201,0x11950d141ecb863f01007add7d1a342041227b58,341144471009149646681805
-216600,0,1742097602,-194201,0x11950d141ecb863f01007add7d1a342041227b58,341144471009149646681805
-216540,0,1742097602,-194201,0x11950d141ecb863f01007add7d1a342041227b58,341144471009149646681805
-216480,1152921504606846976,1742097602,-194201,0x11950d141ecb863f01007add7d1a342041227b58,341145623930654253528781
-216420,-1152921504606846976,1742097602,-194201,0x11950d141ecb863f01007add7d1a342041227b58,341144471009149646681805
-216360,0,1742097602,-194201,0x11950d141ecb863f01007add7d1a342041227b58,341144471009149646681805
-216300,12020797122418133675,1742097602,-194201,0x11950d141ecb863f01007add7d1a342041227b58,341156491806272064815480
-216240,0,1742097602,-194201,0x11950d141ecb863f01007add7d1a342041227b58,341156491806272064815480
-216180,0,1742097602,-194201,0x11950d141ecb863f01007add7d1a342041227b58,341156491806272064815480
-216120,0,1742097602,-194201,0x11950d141ecb863f01007add7d1a342041227b58,341156491806272064815480
-216060,0,1742097602,-194201,0x11950d141ecb863f01007add7d1a342041227b58,341156491806272064815480
-216000,8252323899599658942464,1742097602,-194201,0x11950d141ecb863f01007add7d1a342041227b58,349408815705871723757944
-215940,-1152921504606846976,1742097602,-194201,0x11950d141ecb863f01007add7d1a342041227b58,349407662784367116910968
-215880,-6852321881175643420279,1742097602,-194201,0x11950d141ecb863f01007add7d1a342041227b58,342555340903191473490689
-215820,0,1742097602,-194201,0x11950d141ecb863f01007add7d1a342041227b58,342555340903191473490689
-215760,0,1742097602,-194201,0x11950d141ecb863f01007add7d1a342041227b58,342555340903191473490689
-215700,0,1742097602,-194201,0x11950d141ecb863f01007add7d1a342041227b58,342555340903191473490689
-215640,0,1742097602,-194201,0x11950d141ecb863f01007add7d1a342041227b58,342555340903191473490689
-215580,0,1742097602,-194201,0x11950d141ecb863f01007add7d1a342041227b58,342555340903191473490689
-215520,109657151898487651480145,1742097602,-194201,0x11950d141ecb863f01007add7d1a342041227b58,452212492801679124970834
-215460,0,1742097602,-194201,0x11950d141ecb863f01007add7d1a342041227b58,452212492801679124970834
-215400,156151497978814185990,1742097602,-194201,0x11950d141ecb863f01007add7d1a342041227b58,452368644299657939156824
-215340,0,1742097602,-194201,0x11950d141ecb863f01007add7d1a342041227b58,452368644299657939156824
-215280,0,1742097602,-194201,0x11950d141ecb863f01007add7d1a342041227b58,452368644299657939156824
-215220,0,1742097602,-194201,0x11950d141ecb863f01007add7d1a342041227b58,452368644299657939156824
-215160,0,1742097602,-194201,0x11950d141ecb863f01007add7d1a342041227b58,452368644299657939156824
-215100,0,1742097602,-194201,0x11950d141ecb863f01007add7d1a342041227b58,452368644299657939156824
-215040,0,1742097602,-194201,0x11950d141ecb863f01007add7d1a342041227b58,452368644299657939156824
-214980,0,1742097602,-194201,0x11950d141ecb863f01007add7d1a342041227b58,452368644299657939156824
-214920,18446744073709551616,1742097602,-194201,0x11950d141ecb863f01007add7d1a342041227b58,452387091043731648708440
-214860,-18446744073709551616,1742097602,-194201,0x11950d141ecb863f01007add7d1a342041227b58,452368644299657939156824
-214800,0,1742097602,-194201,0x11950d141ecb863f01007add7d1a342041227b58,452368644299657939156824
-214740,0,1742097602,-194201,0x11950d141ecb863f01007add7d1a342041227b58,452368644299657939156824
-214680,0,1742097602,-194201,0x11950d141ecb863f01007add7d1a342041227b58,452368644299657939156824
-214620,0,1742097602,-194201,0x11950d141ecb863f01007add7d1a342041227b58,452368644299657939156824
-214560,0,1742097602,-194201,0x11950d141ecb863f01007add7d1a342041227b58,452368644299657939156824
-214500,117188454109923592246260,1742097602,-194201,0x11950d141ecb863f01007add7d1a342041227b58,569557098409581531403084
-214440,0,1742097602,-194201,0x11950d141ecb863f01007add7d1a342041227b58,569557098409581531403084
-214380,0,1742097602,-194201,0x11950d141ecb863f01007add7d1a342041227b58,569557098409581531403084
-214320,0,1742097602,-194201,0x11950d141ecb863f01007add7d1a342041227b58,569557098409581531403084
-214260,0,1742097602,-194201,0x11950d141ecb863f01007add7d1a342041227b58,569557098409581531403084
-214200,0,1742097602,-194201,0x11950d141ecb863f01007add7d1a342041227b58,569557098409581531403084
-214140,0,1742097602,-194201,0x11950d141ecb863f01007add7d1a342041227b58,569557098409581531403084
-214080,-9774809955922891407380,1742097602,-194201,0x11950d141ecb863f01007add7d1a342041227b58,559782288453658639995704
-214020,5918155103981971072012,1742097602,-194201,0x11950d141ecb863f01007add7d1a342041227b58,565700443557640611067716
-213960,1152921504606846976,1742097602,-194201,0x11950d141ecb863f01007add7d1a342041227b58,565701596479145217914692
-213900,-1152921504606846976,1742097602,-194201,0x11950d141ecb863f01007add7d1a342041227b58,565700443557640611067716
-213840,0,1742097602,-194201,0x11950d141ecb863f01007add7d1a342041227b58,565700443557640611067716
-213780,0,1742097602,-194201,0x11950d141ecb863f01007add7d1a342041227b58,565700443557640611067716
-213720,0,1742097602,-194201,0x11950d141ecb863f01007add7d1a342041227b58,565700443557640611067716
-213660,0,1742097602,-194201,0x11950d141ecb863f01007add7d1a342041227b58,565700443557640611067716
-213600,0,1742097602,-194201,0x11950d141ecb863f01007add7d1a342041227b58,565700443557640611067716
-213540,1152921504606846976,1742097602,-194201,0x11950d141ecb863f01007add7d1a342041227b58,565701596479145217914692
-213480,-1152921504606846976,1742097602,-194201,0x11950d141ecb863f01007add7d1a342041227b58,565700443557640611067716
-213420,0,1742097602,-194201,0x11950d141ecb863f01007add7d1a342041227b58,565700443557640611067716
-213360,0,1742097602,-194201,0x11950d141ecb863f01007add7d1a342041227b58,565700443557640611067716
-213300,0,1742097602,-194201,0x11950d141ecb863f01007add7d1a342041227b58,565700443557640611067716
-213240,1152921504606846976,1742097602,-194201,0x11950d141ecb863f01007add7d1a342041227b58,565701596479145217914692
-213180,432958135689246816025,1742097602,-194201,0x11950d141ecb863f01007add7d1a342041227b58,566134554614834464730717
-213120,1528947969778847921355895,1742097602,-194201,0x11950d141ecb863f01007add7d1a342041227b58,2095082524393682386086612
-213060,0,1742097602,-194201,0x11950d141ecb863f01007add7d1a342041227b58,2095082524393682386086612
-213000,465677685943679901019858,1742097602,-194201,0x11950d141ecb863f01007add7d1a342041227b58,2560760210337362287106470
-212940,0,1742097602,-194201,0x11950d141ecb863f01007add7d1a342041227b58,2560760210337362287106470
-212880,0,1742097602,-194201,0x11950d141ecb863f01007add7d1a342041227b58,2560760210337362287106470
-212820,0,1742097602,-194201,0x11950d141ecb863f01007add7d1a342041227b58,2560760210337362287106470
-212760,0,1742097602,-194201,0x11950d141ecb863f01007add7d1a342041227b58,2560760210337362287106470
-212700,0,1742097602,-194201,0x11950d141ecb863f01007add7d1a342041227b58,2560760210337362287106470
-212640,1152921504606846976,1742097602,-194201,0x11950d141ecb863f01007add7d1a342041227b58,2560761363258866893953446
-212580,30364840473775404558811,1742097602,-194201,0x11950d141ecb863f01007add7d1a342041227b58,2591126203732642298512257
-212520,0,1742097602,-194201,0x11950d141ecb863f01007add7d1a342041227b58,2591126203732642298512257
-212460,0,1742097602,-194201,0x11950d141ecb863f01007add7d1a342041227b58,2591126203732642298512257
-212400,0,1742097602,-194201,0x11950d141ecb863f01007add7d1a342041227b58,2591126203732642298512257
-212340,537787784742920170432712,1742097602,-194201,0x11950d141ecb863f01007add7d1a342041227b58,3128913988475562468944969
-212280,419257606869473251003236,1742097602,-194201,0x11950d141ecb863f01007add7d1a342041227b58,3548171595345035719948205
-212220,-665766869968226401633,1742097602,-194201,0x11950d141ecb863f01007add7d1a342041227b58,3547505828475067493546572
-212160,0,1742097602,-194201,0x11950d141ecb863f01007add7d1a342041227b58,3547505828475067493546572
-212100,0,1742097602,-194201,0x11950d141ecb863f01007add7d1a342041227b58,3547505828475067493546572
-212040,0,1742097602,-194201,0x11950d141ecb863f01007add7d1a342041227b58,3547505828475067493546572
-211980,0,1742097602,-194201,0x11950d141ecb863f01007add7d1a342041227b58,3547505828475067493546572
-211920,189474402915507093068483,1742097602,-194201,0x11950d141ecb863f01007add7d1a342041227b58,3736980231390574586615055
-211860,0,1742097602,-194201,0x11950d141ecb863f01007add7d1a342041227b58,3736980231390574586615055
-211800,0,1742097602,-194201,0x11950d141ecb863f01007add7d1a342041227b58,3736980231390574586615055
-211740,0,1742097602,-194201,0x11950d141ecb863f01007add7d1a342041227b58,3736980231390574586615055
-211680,257421782382462600849362,1742097602,-194201,0x11950d141ecb863f01007add7d1a342041227b58,3994402013773037187464417
-211620,0,1742097602,-194201,0x11950d141ecb863f01007add7d1a342041227b58,3994402013773037187464417
-211560,1152921504606846976,1742097602,-194201,0x11950d141ecb863f01007add7d1a342041227b58,3994403166694541794311393
-211500,148210038574869845358211,1742097602,-194201,0x11950d141ecb863f01007add7d1a342041227b58,4142613205269411639669604
-211440,0,1742097602,-194201,0x11950d141ecb863f01007add7d1a342041227b58,4142613205269411639669604
-211380,-109707241962213208774119,1742097602,-194201,0x11950d141ecb863f01007add7d1a342041227b58,4032905963307198430895485
-211320,0,1742097602,-194201,0x11950d141ecb863f01007add7d1a342041227b58,4032905963307198430895485
-211260,0,1742097602,-194201,0x11950d141ecb863f01007add7d1a342041227b58,4032905963307198430895485
-211200,0,1742097602,-194201,0x11950d141ecb863f01007add7d1a342041227b58,4032905963307198430895485
-211140,669794385109516982908415,1742097602,-194201,0x11950d141ecb863f01007add7d1a342041227b58,4702700348416715413803900
-211080,0,1742097602,-194201,0x11950d141ecb863f01007add7d1a342041227b58,4702700348416715413803900
-211020,0,1742097602,-194201,0x11950d141ecb863f01007add7d1a342041227b58,4702700348416715413803900
-210960,0,1742097602,-194201,0x11950d141ecb863f01007add7d1a342041227b58,4702700348416715413803900
-210900,0,1742097602,-194201,0x11950d141ecb863f01007add7d1a342041227b58,4702700348416715413803900
-210840,0,1742097602,-194201,0x11950d141ecb863f01007add7d1a342041227b58,4702700348416715413803900
-210780,0,1742097602,-194201,0x11950d141ecb863f01007add7d1a342041227b58,4702700348416715413803900
-210720,0,1742097602,-194201,0x11950d141ecb863f01007add7d1a342041227b58,4702700348416715413803900
-210660,-465677685943679901019858,1742097602,-194201,0x11950d141ecb863f01007add7d1a342041227b58,4237022662473035512784042
-210600,0,1742097602,-194201,0x11950d141ecb863f01007add7d1a342041227b58,4237022662473035512784042
-210540,-684657252475771295454683,1742097602,-194201,0x11950d141ecb863f01007add7d1a342041227b58,3552365409997264217329359
-210480,89051634180430026655574,1742097602,-194201,0x11950d141ecb863f01007add7d1a342041227b58,3641417044177694243984933
-210420,-30365993395280011405787,1742097602,-194201,0x11950d141ecb863f01007add7d1a342041227b58,3611051050782414232579146
-210360,0,1742097602,-194201,0x11950d141ecb863f01007add7d1a342041227b58,3611051050782414232579146
-210300,0,1742097602,-194201,0x11950d141ecb863f01007add7d1a342041227b58,3611051050782414232579146
-210240,0,1742097602,-194201,0x11950d141ecb863f01007add7d1a342041227b58,3611051050782414232579146
-210180,-537787784742920170432712,1742097602,-194201,0x11950d141ecb863f01007add7d1a342041227b58,3073263266039494062146434
-210120,-669794385109516982908415,1742097602,-194201,0x11950d141ecb863f01007add7d1a342041227b58,2403468880929977079238019
-210060,0,1742097602,-194201,0x11950d141ecb863f01007add7d1a342041227b58,2403468880929977079238019
-210000,0,1742097602,-194201,0x11950d141ecb863f01007add7d1a342041227b58,2403468880929977079238019
-209940,-189474402915507093068483,1742097602,-194201,0x11950d141ecb863f01007add7d1a342041227b58,2213994478014469986169536
-209880,2988757368,1742097602,-194201,0x11950d141ecb863f01007add7d1a342041227b58,2213994478014472974926904
-209820,0,1742097602,-194201,0x11950d141ecb863f01007add7d1a342041227b58,2213994478014472974926904
-209760,0,1742097602,-194201,0x11950d141ecb863f01007add7d1a342041227b58,2213994478014472974926904
-209700,0,1742097602,-194201,0x11950d141ecb863f01007add7d1a342041227b58,2213994478014472974926904
-209640,-2988757368,1742097602,-194201,0x11950d141ecb863f01007add7d1a342041227b58,2213994478014469986169536
-209580,0,1742097602,-194201,0x11950d141ecb863f01007add7d1a342041227b58,2213994478014469986169536
-209520,0,1742097602,-194201,0x11950d141ecb863f01007add7d1a342041227b58,2213994478014469986169536
-209460,0,1742097602,-194201,0x11950d141ecb863f01007add7d1a342041227b58,2213994478014469986169536
-209400,0,1742097602,-194201,0x11950d141ecb863f01007add7d1a342041227b58,2213994478014469986169536
-209340,0,1742097602,-194201,0x11950d141ecb863f01007add7d1a342041227b58,2213994478014469986169536
-209280,0,1742097602,-194201,0x11950d141ecb863f01007add7d1a342041227b58,2213994478014469986169536
-209220,0,1742097602,-194201,0x11950d141ecb863f01007add7d1a342041227b58,2213994478014469986169536
-209160,0,1742097602,-194201,0x11950d141ecb863f01007add7d1a342041227b58,2213994478014469986169536
-209100,0,1742097602,-194201,0x11950d141ecb863f01007add7d1a342041227b58,2213994478014469986169536
-209040,0,1742097602,-194201,0x11950d141ecb863f01007add7d1a342041227b58,2213994478014469986169536
-208980,0,1742097602,-194201,0x11950d141ecb863f01007add7d1a342041227b58,2213994478014469986169536
-208920,0,1742097602,-194201,0x11950d141ecb863f01007add7d1a342041227b58,2213994478014469986169536
-208860,0,1742097602,-194201,0x11950d141ecb863f01007add7d1a342041227b58,2213994478014469986169536
-208800,0,1742097602,-194201,0x11950d141ecb863f01007add7d1a342041227b58,2213994478014469986169536
-208740,-121605049066967412775890,1742097602,-194201,0x11950d141ecb863f01007add7d1a342041227b58,2092389428947502573393646
-208680,0,1742097602,-194201,0x11950d141ecb863f01007add7d1a342041227b58,2092389428947502573393646
-208620,0,1742097602,-194201,0x11950d141ecb863f01007add7d1a342041227b58,2092389428947502573393646
-208560,0,1742097602,-194201,0x11950d141ecb863f01007add7d1a342041227b58,2092389428947502573393646
-208500,0,1742097602,-194201,0x11950d141ecb863f01007add7d1a342041227b58,2092389428947502573393646
-208440,0,1742097602,-194201,0x11950d141ecb863f01007add7d1a342041227b58,2092389428947502573393646
-208380,0,1742097602,-194201,0x11950d141ecb863f01007add7d1a342041227b58,2092389428947502573393646
-208320,-90702109241100387327882,1742097602,-194201,0x11950d141ecb863f01007add7d1a342041227b58,2001687319706402186065764
-208260,0,1742097602,-194201,0x11950d141ecb863f01007add7d1a342041227b58,2001687319706402186065764
-208200,0,1742097602,-194201,0x11950d141ecb863f01007add7d1a342041227b58,2001687319706402186065764
-208140,0,1742097602,-194201,0x11950d141ecb863f01007add7d1a342041227b58,2001687319706402186065764
-208080,0,1742097602,-194201,0x11950d141ecb863f01007add7d1a342041227b58,2001687319706402186065764
-208020,0,1742097602,-194201,0x11950d141ecb863f01007add7d1a342041227b58,2001687319706402186065764
-207960,0,1742097602,-194201,0x11950d141ecb863f01007add7d1a342041227b58,2001687319706402186065764
-207900,40455325344536989525105,1742097602,-194201,0x11950d141ecb863f01007add7d1a342041227b58,2042142645050939175590869
-207840,-40455325344536989525105,1742097602,-194201,0x11950d141ecb863f01007add7d1a342041227b58,2001687319706402186065764
-207780,0,1742097602,-194201,0x11950d141ecb863f01007add7d1a342041227b58,2001687319706402186065764
-207720,0,1742097602,-194201,0x11950d141ecb863f01007add7d1a342041227b58,2001687319706402186065764
-207660,0,1742097602,-194201,0x11950d141ecb863f01007add7d1a342041227b58,2001687319706402186065764
-207600,0,1742097602,-194201,0x11950d141ecb863f01007add7d1a342041227b58,2001687319706402186065764
-207540,0,1742097602,-194201,0x11950d141ecb863f01007add7d1a342041227b58,2001687319706402186065764
-207480,0,1742097602,-194201,0x11950d141ecb863f01007add7d1a342041227b58,2001687319706402186065764
-207420,0,1742097602,-194201,0x11950d141ecb863f01007add7d1a342041227b58,2001687319706402186065764
-207360,0,1742097602,-194201,0x11950d141ecb863f01007add7d1a342041227b58,2001687319706402186065764
-207300,0,1742097602,-194201,0x11950d141ecb863f01007add7d1a342041227b58,2001687319706402186065764
-207240,130770968577526359694145,1742097602,-194201,0x11950d141ecb863f01007add7d1a342041227b58,2132458288283928545759909
-207180,-30707813396100706836152,1742097602,-194201,0x11950d141ecb863f01007add7d1a342041227b58,2101750474887827838923757
-207120,0,1742097602,-194201,0x11950d141ecb863f01007add7d1a342041227b58,2101750474887827838923757
-207060,0,1742097602,-194201,0x11950d141ecb863f01007add7d1a342041227b58,2101750474887827838923757
-207000,0,1742097602,-194201,0x11950d141ecb863f01007add7d1a342041227b58,2101750474887827838923757
-206940,0,1742097602,-194201,0x11950d141ecb863f01007add7d1a342041227b58,2101750474887827838923757
-206880,0,1742097602,-194201,0x11950d141ecb863f01007add7d1a342041227b58,2101750474887827838923757
-206820,0,1742097602,-194201,0x11950d141ecb863f01007add7d1a342041227b58,2101750474887827838923757
-206760,0,1742097602,-194201,0x11950d141ecb863f01007add7d1a342041227b58,2101750474887827838923757
-206700,-1118625434002766999087,1742097602,-194201,0x11950d141ecb863f01007add7d1a342041227b58,2100631849453825071924670
-206640,0,1742097602,-194201,0x11950d141ecb863f01007add7d1a342041227b58,2100631849453825071924670
-206580,0,1742097602,-194201,0x11950d141ecb863f01007add7d1a342041227b58,2100631849453825071924670
-206520,0,1742097602,-194201,0x11950d141ecb863f01007add7d1a342041227b58,2100631849453825071924670
-206460,220423564723767767378,1742097602,-194201,0x11950d141ecb863f01007add7d1a342041227b58,2100852273018548839692048
-206400,0,1742097602,-194201,0x11950d141ecb863f01007add7d1a342041227b58,2100852273018548839692048
-206340,221006068616190870694182,1742097602,-194201,0x11950d141ecb863f01007add7d1a342041227b58,2321858341634739710386230
-206280,0,1742097602,-194201,0x11950d141ecb863f01007add7d1a342041227b58,2321858341634739710386230
-206220,0,1742097602,-194201,0x11950d141ecb863f01007add7d1a342041227b58,2321858341634739710386230
-206160,0,1742097602,-194201,0x11950d141ecb863f01007add7d1a342041227b58,2321858341634739710386230
-206100,0,1742097602,-194201,0x11950d141ecb863f01007add7d1a342041227b58,2321858341634739710386230
-206040,7264555666364652464060,1742097602,-194201,0x11950d141ecb863f01007add7d1a342041227b58,2329122897301104362850290
-205980,0,1742097602,-194201,0x11950d141ecb863f01007add7d1a342041227b58,2329122897301104362850290
-205920,0,1742097602,-194201,0x11950d141ecb863f01007add7d1a342041227b58,2329122897301104362850290
-205860,0,1742097602,-194201,0x11950d141ecb863f01007add7d1a342041227b58,2329122897301104362850290
-205800,0,1742097602,-194201,0x11950d141ecb863f01007add7d1a342041227b58,2329122897301104362850290
-205740,0,1742097602,-194201,0x11950d141ecb863f01007add7d1a342041227b58,2329122897301104362850290
-205680,0,1742097602,-194201,0x11950d141ecb863f01007add7d1a342041227b58,2329122897301104362850290
-205620,0,1742097602,-194201,0x11950d141ecb863f01007add7d1a342041227b58,2329122897301104362850290
-205560,0,1742097602,-194201,0x11950d141ecb863f01007add7d1a342041227b58,2329122897301104362850290
-205500,0,1742097602,-194201,0x11950d141ecb863f01007add7d1a342041227b58,2329122897301104362850290
-205440,0,1742097602,-194201,0x11950d141ecb863f01007add7d1a342041227b58,2329122897301104362850290
-205380,0,1742097602,-194201,0x11950d141ecb863f01007add7d1a342041227b58,2329122897301104362850290
-205320,0,1742097602,-194201,0x11950d141ecb863f01007add7d1a342041227b58,2329122897301104362850290
-205260,0,1742097602,-194201,0x11950d141ecb863f01007add7d1a342041227b58,2329122897301104362850290
-205200,0,1742097602,-194201,0x11950d141ecb863f01007add7d1a342041227b58,2329122897301104362850290
-205140,0,1742097602,-194201,0x11950d141ecb863f01007add7d1a342041227b58,2329122897301104362850290
-205080,0,1742097602,-194201,0x11950d141ecb863f01007add7d1a342041227b58,2329122897301104362850290
-205020,0,1742097602,-194201,0x11950d141ecb863f01007add7d1a342041227b58,2329122897301104362850290
-204960,0,1742097602,-194201,0x11950d141ecb863f01007add7d1a342041227b58,2329122897301104362850290
-204900,0,1742097602,-194201,0x11950d141ecb863f01007add7d1a342041227b58,2329122897301104362850290
-204840,0,1742097602,-194201,0x11950d141ecb863f01007add7d1a342041227b58,2329122897301104362850290
-204780,0,1742097602,-194201,0x11950d141ecb863f01007add7d1a342041227b58,2329122897301104362850290
-204720,0,1742097602,-194201,0x11950d141ecb863f01007add7d1a342041227b58,2329122897301104362850290
-204660,0,1742097602,-194201,0x11950d141ecb863f01007add7d1a342041227b58,2329122897301104362850290
-204600,0,1742097602,-194201,0x11950d141ecb863f01007add7d1a342041227b58,2329122897301104362850290
-204540,0,1742097602,-194201,0x11950d141ecb863f01007add7d1a342041227b58,2329122897301104362850290
-204480,0,1742097602,-194201,0x11950d141ecb863f01007add7d1a342041227b58,2329122897301104362850290
-204420,-106061434253256892016,1742097602,-194201,0x11950d141ecb863f01007add7d1a342041227b58,2329016835866851105958274
-204360,-13221853162105615528288,1742097602,-194201,0x11950d141ecb863f01007add7d1a342041227b58,2315794982704745490429986
-204300,0,1742097602,-194201,0x11950d141ecb863f01007add7d1a342041227b58,2315794982704745490429986
-204240,0,1742097602,-194201,0x11950d141ecb863f01007add7d1a342041227b58,2315794982704745490429986
-204180,61311320157102776787322,1742097602,-194201,0x11950d141ecb863f01007add7d1a342041227b58,2377106302861848267217308
-204120,0,1742097602,-194201,0x11950d141ecb863f01007add7d1a342041227b58,2377106302861848267217308
-204060,0,1742097602,-194201,0x11950d141ecb863f01007add7d1a342041227b58,2377106302861848267217308
-204000,0,1742097602,-194201,0x11950d141ecb863f01007add7d1a342041227b58,2377106302861848267217308
-203940,37334937010958312438325,1742097602,-194201,0x11950d141ecb863f01007add7d1a342041227b58,2414441239872806579655633
-203880,-1201753708078411612332,1742097602,-194201,0x11950d141ecb863f01007add7d1a342041227b58,2413239486164728168043301
-203820,0,1742097602,-194201,0x11950d141ecb863f01007add7d1a342041227b58,2413239486164728168043301
-203760,0,1742097602,-194201,0x11950d141ecb863f01007add7d1a342041227b58,2413239486164728168043301
-203700,0,1742097602,-194201,0x11950d141ecb863f01007add7d1a342041227b58,2413239486164728168043301
-203640,0,1742097602,-194201,0x11950d141ecb863f01007add7d1a342041227b58,2413239486164728168043301
-203580,434235754705952555,1742097602,-194201,0x11950d141ecb863f01007add7d1a342041227b58,2413239920400482873995856
-203520,0,1742097602,-194201,0x11950d141ecb863f01007add7d1a342041227b58,2413239920400482873995856
-203460,305347140709321789606,1742097602,-194201,0x11950d141ecb863f01007add7d1a342041227b58,2413545267541192195785462
-203400,5399751617274276949258,1742097602,-194201,0x11950d141ecb863f01007add7d1a342041227b58,2418945019158466472734720
-203340,0,1742097602,-194201,0x11950d141ecb863f01007add7d1a342041227b58,2418945019158466472734720
-203280,0,1742097602,-194201,0x11950d141ecb863f01007add7d1a342041227b58,2418945019158466472734720
-203220,0,1742097602,-194201,0x11950d141ecb863f01007add7d1a342041227b58,2418945019158466472734720
-203160,0,1742097602,-194201,0x11950d141ecb863f01007add7d1a342041227b58,2418945019158466472734720
-203100,18662382261585576051603,1742097602,-194201,0x11950d141ecb863f01007add7d1a342041227b58,2437607401420052048786323
-203040,0,1742097602,-194201,0x11950d141ecb863f01007add7d1a342041227b58,2437607401420052048786323
-202980,62259288683811663044,1742097602,-194201,0x11950d141ecb863f01007add7d1a342041227b58,2437669660708735860449367
-202920,0,1742097602,-194201,0x11950d141ecb863f01007add7d1a342041227b58,2437669660708735860449367
-202860,0,1742097602,-194201,0x11950d141ecb863f01007add7d1a342041227b58,2437669660708735860449367
-202800,0,1742097602,-194201,0x11950d141ecb863f01007add7d1a342041227b58,2437669660708735860449367
-202740,64225073245427105447101,1742097602,-194201,0x11950d141ecb863f01007add7d1a342041227b58,2501894733954162965896468
-202680,2088919955390798411572,1742097602,-194201,0x11950d141ecb863f01007add7d1a342041227b58,2503983653909553764308040
-202620,0,1742097602,-194201,0x11950d141ecb863f01007add7d1a342041227b58,2503983653909553764308040
-202560,24329086139707117691814,1742097602,-194201,0x11950d141ecb863f01007add7d1a342041227b58,2528312740049260881999854
-202500,6010667453619368149,1742097602,-194201,0x11950d141ecb863f01007add7d1a342041227b58,2528318750716714501368003
-202440,451817469223610529018,1742097602,-194201,0x11950d141ecb863f01007add7d1a342041227b58,2528770568185938111897021
-202380,-215822385292510327062169,1742097602,-194201,0x11950d141ecb863f01007add7d1a342041227b58,2312948182893427784834852
-202320,121872758155426478036,1742097602,-194201,0x11950d141ecb863f01007add7d1a342041227b58,2313070055651583211312888
-202260,413519713996930872746,1742097602,-194201,0x11950d141ecb863f01007add7d1a342041227b58,2313483575365580142185634
-202200,0,1742097602,-194201,0x11950d141ecb863f01007add7d1a342041227b58,2313483575365580142185634
-202140,0,1742097602,-194201,0x11950d141ecb863f01007add7d1a342041227b58,2313483575365580142185634
-202080,1975354569977817040486,1742097602,-194201,0x11950d141ecb863f01007add7d1a342041227b58,2315458929935557959226120
-202020,0,1742097602,-194201,0x11950d141ecb863f01007add7d1a342041227b58,2315458929935557959226120
-201960,47006169783715885211158,1742097602,-194201,0x11950d141ecb863f01007add7d1a342041227b58,2362465099719273844437278
-201900,0,1742097602,-194201,0x11950d141ecb863f01007add7d1a342041227b58,2362465099719273844437278
-201840,1081270397022708030593,1742097602,-194201,0x11950d141ecb863f01007add7d1a342041227b58,2363546370116296552467871
-201780,0,1742097602,-194201,0x11950d141ecb863f01007add7d1a342041227b58,2363546370116296552467871
-201720,0,1742097602,-194201,0x11950d141ecb863f01007add7d1a342041227b58,2363546370116296552467871
-201660,0,1742097602,-194201,0x11950d141ecb863f01007add7d1a342041227b58,2363546370116296552467871
-201600,0,1742097602,-194201,0x11950d141ecb863f01007add7d1a342041227b58,2363546370116296552467871
-201540,0,1742097602,-194201,0x11950d141ecb863f01007add7d1a342041227b58,2363546370116296552467871
-201480,0,1742097602,-194201,0x11950d141ecb863f01007add7d1a342041227b58,2363546370116296552467871
-201420,0,1742097602,-194201,0x11950d141ecb863f01007add7d1a342041227b58,2363546370116296552467871
-201360,0,1742097602,-194201,0x11950d141ecb863f01007add7d1a342041227b58,2363546370116296552467871
-201300,0,1742097602,-194201,0x11950d141ecb863f01007add7d1a342041227b58,2363546370116296552467871
-201240,0,1742097602,-194201,0x11950d141ecb863f01007add7d1a342041227b58,2363546370116296552467871
-201180,0,1742097602,-194201,0x11950d141ecb863f01007add7d1a342041227b58,2363546370116296552467871
-201120,15158962910334490757591,1742097602,-194201,0x11950d141ecb863f01007add7d1a342041227b58,2378705333026631043225462
-201060,1231303399001245366640,1742097602,-194201,0x11950d141ecb863f01007add7d1a342041227b58,2379936636425632288592102
-201000,11339610776293561125702,1742097602,-194201,0x11950d141ecb863f01007add7d1a342041227b58,2391276247201925849717804
-200940,0,1742097602,-194201,0x11950d141ecb863f01007add7d1a342041227b58,2391276247201925849717804
-200880,178173620807686082199725,1742097602,-194201,0x11950d141ecb863f01007add7d1a342041227b58,2569449868009611931917529
-200820,0,1742097602,-194201,0x11950d141ecb863f01007add7d1a342041227b58,2569449868009611931917529
-200760,39878661401033542163804,1742097602,-194201,0x11950d141ecb863f01007add7d1a342041227b58,2609328529410645474081333
-200700,7669964562181445337547,1742097602,-194201,0x11950d141ecb863f01007add7d1a342041227b58,2616998493972826919418880
-200640,10897095792403831367278,1742097602,-194201,0x11950d141ecb863f01007add7d1a342041227b58,2627895589765230750786158
-200580,0,1742097602,-194201,0x11950d141ecb863f01007add7d1a342041227b58,2627895589765230750786158
-200520,1914344660706811568249,1742097602,-194201,0x11950d141ecb863f01007add7d1a342041227b58,2629809934425937562354407
-200460,1081050262760955806082,1742097602,-194201,0x11950d141ecb863f01007add7d1a342041227b58,2630890984688698518160489
-200400,0,1742097602,-194201,0x11950d141ecb863f01007add7d1a342041227b58,2630890984688698518160489
-200340,0,1742097602,-194201,0x11950d141ecb863f01007add7d1a342041227b58,2630890984688698518160489
-200280,613283527761933899216,1742097602,-194201,0x11950d141ecb863f01007add7d1a342041227b58,2631504268216460452059705
-200220,53663911970756528422,1742097602,-194201,0x11950d141ecb863f01007add7d1a342041227b58,2631557932128431208588127
-200160,0,1742097602,-194201,0x11950d141ecb863f01007add7d1a342041227b58,2631557932128431208588127
-200100,186411878140606680937695,1742097602,-194201,0x11950d141ecb863f01007add7d1a342041227b58,2817969810269037889525822
-200040,0,1742097602,-194201,0x11950d141ecb863f01007add7d1a342041227b58,2817969810269037889525822
-199980,0,1742097602,-194201,0x11950d141ecb863f01007add7d1a342041227b58,2817969810269037889525822
-199920,0,1742097602,-194201,0x11950d141ecb863f01007add7d1a342041227b58,2817969810269037889525822
-199860,61122152405920291844,1742097602,-194201,0x11950d141ecb863f01007add7d1a342041227b58,2818030932421443809817666
-199800,0,1742097602,-194201,0x11950d141ecb863f01007add7d1a342041227b58,2818030932421443809817666
-199740,0,1742097602,-194201,0x11950d141ecb863f01007add7d1a342041227b58,2818030932421443809817666
-199680,0,1742097602,-194201,0x11950d141ecb863f01007add7d1a342041227b58,2818030932421443809817666
-199620,0,1742097602,-194201,0x11950d141ecb863f01007add7d1a342041227b58,2818030932421443809817666
-199560,0,1742097602,-194201,0x11950d141ecb863f01007add7d1a342041227b58,2818030932421443809817666
-199500,0,1742097602,-194201,0x11950d141ecb863f01007add7d1a342041227b58,2818030932421443809817666
-199440,0,1742097602,-194201,0x11950d141ecb863f01007add7d1a342041227b58,2818030932421443809817666
-199380,0,1742097602,-194201,0x11950d141ecb863f01007add7d1a342041227b58,2818030932421443809817666
-199320,319637959649331449672256,1742097602,-194201,0x11950d141ecb863f01007add7d1a342041227b58,3137668892070775259489922
-199260,0,1742097602,-194201,0x11950d141ecb863f01007add7d1a342041227b58,3137668892070775259489922
-199200,26900698534396786941665,1742097602,-194201,0x11950d141ecb863f01007add7d1a342041227b58,3164569590605172046431587
-199140,0,1742097602,-194201,0x11950d141ecb863f01007add7d1a342041227b58,3164569590605172046431587
-199080,4435651554268530172916,1742097602,-194201,0x11950d141ecb863f01007add7d1a342041227b58,3169005242159440576604503
-199020,380769030754354631745,1742097602,-194201,0x11950d141ecb863f01007add7d1a342041227b58,3169386011190194931236248
-198960,0,1742097602,-194201,0x11950d141ecb863f01007add7d1a342041227b58,3169386011190194931236248
-198900,7681726657281888807590,1742097602,-194201,0x11950d141ecb863f01007add7d1a342041227b58,3177067737847476820043838
-198840,0,1742097602,-194201,0x11950d141ecb863f01007add7d1a342041227b58,3177067737847476820043838
-198780,0,1742097602,-194201,0x11950d141ecb863f01007add7d1a342041227b58,3177067737847476820043838
-198720,411963591904191198025,1742097602,-194201,0x11950d141ecb863f01007add7d1a342041227b58,3177479701439381011241863
-198660,6758998390215052224812,1742097602,-194201,0x11950d141ecb863f01007add7d1a342041227b58,3184238699829596063466675
-198600,0,1742097602,-194201,0x11950d141ecb863f01007add7d1a342041227b58,3184238699829596063466675
-198540,3903492069384932027195,1742097602,-194201,0x11950d141ecb863f01007add7d1a342041227b58,3188142191898980995493870
-198480,136503818019044538794226,1742097602,-194201,0x11950d141ecb863f01007add7d1a342041227b58,3324646009918025534288096
-198420,153885997301096353415949,1742097602,-194201,0x11950d141ecb863f01007add7d1a342041227b58,3478532007219121887704045
-198360,6625059072528190014108,1742097602,-194201,0x11950d141ecb863f01007add7d1a342041227b58,3485157066291650077718153
-198300,60218006566060302986919,1742097602,-194201,0x11950d141ecb863f01007add7d1a342041227b58,3545375072857710380705072
-198240,371324712972504584713501,1742097602,-194201,0x11950d141ecb863f01007add7d1a342041227b58,3916699785830214965418573
-198180,1979842998414904728356,1742097602,-194201,0x11950d141ecb863f01007add7d1a342041227b58,3918679628828629870146929
-198120,211892741537258998683389,1742097602,-194201,0x11950d141ecb863f01007add7d1a342041227b58,4130572370365888868830318
-198060,443441991165961624166688,1742097602,-194201,0x11950d141ecb863f01007add7d1a342041227b58,4574014361531850492997006
-198000,0,1742097602,-194201,0x11950d141ecb863f01007add7d1a342041227b58,4574014361531850492997006
-197940,76113045822776781100837,1742097602,-194201,0x11950d141ecb863f01007add7d1a342041227b58,4650127407354627274097843
-197880,23045660084133975765,1742097602,-194201,0x11950d141ecb863f01007add7d1a342041227b58,4650150453014711408073608
-197820,-135816733315495188073472,1742097602,-194201,0x11950d141ecb863f01007add7d1a342041227b58,4514333719699216220000136
-197760,56042164701471722239314,1742097602,-194201,0x11950d141ecb863f01007add7d1a342041227b58,4570375884400687942239450
-197700,0,1742097602,-194201,0x11950d141ecb863f01007add7d1a342041227b58,4570375884400687942239450
-197640,0,1742097602,-194201,0x11950d141ecb863f01007add7d1a342041227b58,4570375884400687942239450
-197580,0,1742097602,-194201,0x11950d141ecb863f01007add7d1a342041227b58,4570375884400687942239450
-197520,0,1742097602,-194201,0x11950d141ecb863f01007add7d1a342041227b58,4570375884400687942239450
-197460,0,1742097602,-194201,0x11950d141ecb863f01007add7d1a342041227b58,4570375884400687942239450
-197400,74743647305319151041275,1742097602,-194201,0x11950d141ecb863f01007add7d1a342041227b58,4645119531706007093280725
-197340,40523077947380522462,1742097602,-194201,0x11950d141ecb863f01007add7d1a342041227b58,4645160054783954473803187
-197280,168588218415992400211508,1742097602,-194201,0x11950d141ecb863f01007add7d1a342041227b58,4813748273199946874014695
-197220,166184794600449736282690,1742097602,-194201,0x11950d141ecb863f01007add7d1a342041227b58,4979933067800396610297385
-197160,3089721125415167059422384,1742097602,-194201,0x11950d141ecb863f01007add7d1a342041227b58,8069654193215563669719769
-197100,15549148287080114522185,1742097602,-194201,0x11950d141ecb863f01007add7d1a342041227b58,8085203341502643784241954
-197040,0,1742097602,-194201,0x11950d141ecb863f01007add7d1a342041227b58,8085203341502643784241954
-196980,30069098385505144754658,1742097602,-194201,0x11950d141ecb863f01007add7d1a342041227b58,8115272439888148928996612
-196920,54220498792319466644512,1742097602,-194201,0x11950d141ecb863f01007add7d1a342041227b58,8169492938680468395641124
-196860,0,1742097602,-194201,0x11950d141ecb863f01007add7d1a342041227b58,8169492938680468395641124
-196800,0,1742097602,-194201,0x11950d141ecb863f01007add7d1a342041227b58,8169492938680468395641124
-196740,5589313210461468692538560,1742097602,-194201,0x11950d141ecb863f01007add7d1a342041227b58,13758806149141937088179684
-196680,222584367381329286452359,1742097602,-194201,0x11950d141ecb863f01007add7d1a342041227b58,13981390516523266374632043
-196620,31062317857148365741093,1742097602,-194201,0x11950d141ecb863f01007add7d1a342041227b58,14012452834380414740373136
-196560,3831249945282541279957,1742097602,-194201,0x11950d141ecb863f01007add7d1a342041227b58,14016284084325697281653093
-196500,4040898278592580925922665,1742097602,-194201,0x11950d141ecb863f01007add7d1a342041227b58,18057182362918278207575758
-196440,2242338150300203046318556,1742097602,-194201,0x11950d141ecb863f01007add7d1a342041227b58,20299520513218481253894314
-196380,575708346290518326509934,1742097602,-194201,0x11950d141ecb863f01007add7d1a342041227b58,20875228859508999580404248
-196320,305671830890462842107174,1742097602,-194201,0x11950d141ecb863f01007add7d1a342041227b58,21180900690399462422511422
-196260,63470763129074134433274,1742097602,-194201,0x11950d141ecb863f01007add7d1a342041227b58,21244371453528536556944696
-196200,0,1742097602,-194201,0x11950d141ecb863f01007add7d1a342041227b58,21244371453528536556944696
-196140,15438984842477471054270,1742097602,-194201,0x11950d141ecb863f01007add7d1a342041227b58,21259810438371014027998966
-196080,-63898338813454737295106,1742097602,-194201,0x11950d141ecb863f01007add7d1a342041227b58,21195912099557559290703860
-196020,75796356835771820030402,1742097602,-194201,0x11950d141ecb863f01007add7d1a342041227b58,21271708456393331110734262
-195960,-8909224561074061031866,1742097602,-194201,0x11950d141ecb863f01007add7d1a342041227b58,21262799231832257049702396
-195900,0,1742097602,-194201,0x11950d141ecb863f01007add7d1a342041227b58,21262799231832257049702396
-195840,192963047867776470711930,1742097602,-194201,0x11950d141ecb863f01007add7d1a342041227b58,21455762279700033520414326
-195780,0,1742097602,-194201,0x11950d141ecb863f01007add7d1a342041227b58,21455762279700033520414326
-195720,71835761381845269035106,1742097602,-194201,0x11950d141ecb863f01007add7d1a342041227b58,21527598041081878789449432
-195660,24778883644046619362109283,1742097602,-194201,0x11950d141ecb863f01007add7d1a342041227b58,46306481685128498151558715
-195600,275638181210024209550987,1742097602,-194201,0x11950d141ecb863f01007add7d1a342041227b58,46582119866338522361109702
-195540,0,1742097602,-194201,0x11950d141ecb863f01007add7d1a342041227b58,46582119866338522361109702
-195480,289719641368949182187528,1742097602,-194201,0x11950d141ecb863f01007add7d1a342041227b58,46871839507707471543297230
-195420,0,1742097602,-194201,0x11950d141ecb863f01007add7d1a342041227b58,46871839507707471543297230
-195360,752886929832010606022561,1742097602,-194201,0x11950d141ecb863f01007add7d1a342041227b58,47624726437539482149319791
-195300,0,1742097602,-194201,0x11950d141ecb863f01007add7d1a342041227b58,47624726437539482149319791
-195240,691211393132616494587562,1742097602,-194201,0x11950d141ecb863f01007add7d1a342041227b58,48315937830672098643907353
-195180,8594121297238645293782,1742097602,-194201,0x11950d141ecb863f01007add7d1a342041227b58,48324531951969337289201135
-195120,-8896383994379601780198,1742097602,-194201,0x11950d141ecb863f01007add7d1a342041227b58,48315635567974957687420937
-195060,-24440487774498485018089352,1742097602,-194201,0x11950d141ecb863f01007add7d1a342041227b58,23875147793476472669331585
-195000,66913403773766761978973,1742097602,-194201,0x11950d141ecb863f01007add7d1a342041227b58,23942061197250239431310558
-194940,0,1742097602,-194201,0x11950d141ecb863f01007add7d1a342041227b58,23942061197250239431310558
-194880,-84189786099532476953341,1742097602,-194201,0x11950d141ecb863f01007add7d1a342041227b58,23857871411150706954357217
-194820,118754559977395853252,1742097602,-194201,0x11950d141ecb863f01007add7d1a342041227b58,23857990165710684350210469
-194760,3384568401698384818104,1742097602,-194201,0x11950d141ecb863f01007add7d1a342041227b58,23861374734112382735028573
-194700,1098655339803558293278097,1742097602,-194201,0x11950d141ecb863f01007add7d1a342041227b58,24960030073915941028306670
-194640,22456521408846213881014,1742097602,-194201,0x11950d141ecb863f01007add7d1a342041227b58,24982486595324787242187684
-194580,-549502951437809944681980,1742097602,-194201,0x11950d141ecb863f01007add7d1a342041227b58,24432983643886977297505704
-194520,0,1742097602,-194201,0x11950d141ecb863f01007add7d1a342041227b58,24432983643886977297505704
-194460,-4602241753789970059753677,1742097602,-194201,0x11950d141ecb863f01007add7d1a342041227b58,19830741890097007237752027
-194400,311500626274576810319937,1742097602,-194201,0x11950d141ecb863f01007add7d1a342041227b58,20142242516371584048071964
-194340,771991315262303755030547287,1742097602,-194201,0x11950d141ecb863f01007add7d1a342041227b58,792133557778675339078619251
-194280,18166645322994634398527,1742097602,-194201,0x11950d141ecb863f01007add7d1a342041227b58,792151724423998333713017778
-194220,-771886628837960598267753536,1742097602,-194201,0x11950d141ecb863f01007add7d1a342041227b58,20265095586037735445264242
-194160,0,1742097602,-194201,0x11950d141ecb863f01007add7d1a342041227b58,20265095586037735445264242
-194100,-434235754705952555,1742097602,-194201,0x11950d141ecb863f01007add7d1a342041227b58,20265095151801980739311687
-194040,-4040206946252489898778038,1742097602,-194201,0x11950d141ecb863f01007add7d1a342041227b58,16224888205549490840533649
-193980,42751970674880264990544,1742097602,-194201,0x11950d141ecb863f01007add7d1a342041227b58,16267640176224371105524193
-193920,-40523077947380522462,1742097602,-194201,0x11950d141ecb863f01007add7d1a342041227b58,16267599653146423725001731
-193860,0,1742097602,-194201,0x11950d141ecb863f01007add7d1a342041227b58,16267599653146423725001731
-193800,313541330153934751100286,1742097602,-194201,0x11950d141ecb863f01007add7d1a342041227b58,16581140983300358476102017
-193740,-310070062526624147867256,1742097602,-194201,0x11950d141ecb863f01007add7d1a342041227b58,16271070920773734328234761
-193680,441389911473672857143,1742097602,-194201,0x11950d141ecb863f01007add7d1a342041227b58,16271512310685208001091904
-193620,-289719641368949182187528,1742097602,-194201,0x11950d141ecb863f01007add7d1a342041227b58,15981792669316258818904376
-193560,51770800757855297619122,1742097602,-194201,0x11950d141ecb863f01007add7d1a342041227b58,16033563470074114116523498
-193500,20130195869250868792876,1742097602,-194201,0x11950d141ecb863f01007add7d1a342041227b58,16053693665943364985316374
-193440,0,1742097602,-194201,0x11950d141ecb863f01007add7d1a342041227b58,16053693665943364985316374
-193380,-138892347812247568629179,1742097602,-194201,0x11950d141ecb863f01007add7d1a342041227b58,15914801318131117416687195
-193320,-184645279900348628600771,1742097602,-194201,0x11950d141ecb863f01007add7d1a342041227b58,15730156038230768788086424
-193260,-3105364403803529161438350,1742097602,-194201,0x11950d141ecb863f01007add7d1a342041227b58,12624791634427239626648074
-193200,485125111750305859761,1742097602,-194201,0x11950d141ecb863f01007add7d1a342041227b58,12625276759538989932507835
-193140,21472902251339199325280,1742097602,-194201,0x11950d141ecb863f01007add7d1a342041227b58,12646749661790329131833115
-193080,56070052996484411840879,1742097602,-194201,0x11950d141ecb863f01007add7d1a342041227b58,12702819714786813543673994
-193020,-204403447379854060217369,1742097602,-194201,0x11950d141ecb863f01007add7d1a342041227b58,12498416267406959483456625
-192960,0,1742097602,-194201,0x11950d141ecb863f01007add7d1a342041227b58,12498416267406959483456625
-192900,41351924618425801928772,1742097602,-194201,0x11950d141ecb863f01007add7d1a342041227b58,12539768192025385285385397
-192840,28021725161271723825063,1742097602,-194201,0x11950d141ecb863f01007add7d1a342041227b58,12567789917186657009210460
-192780,424659212229045960279346,1742097602,-194201,0x11950d141ecb863f01007add7d1a342041227b58,12992449129415702969489806
-192720,0,1742097602,-194201,0x11950d141ecb863f01007add7d1a342041227b58,12992449129415702969489806
-192660,-233887911621432895086744,1742097602,-194201,0x11950d141ecb863f01007add7d1a342041227b58,12758561217794270074403062
-192600,-309202516776760611118169,1742097602,-194201,0x11950d141ecb863f01007add7d1a342041227b58,12449358701017509463284893
-192540,-191569954193564974974799,1742097602,-194201,0x11950d141ecb863f01007add7d1a342041227b58,12257788746823944488310094
-192480,-6625059072528190014108,1742097602,-194201,0x11950d141ecb863f01007add7d1a342041227b58,12251163687751416298295986
-192420,-15421321248943767196597,1742097602,-194201,0x11950d141ecb863f01007add7d1a342041227b58,12235742366502472531099389
-192360,0,1742097602,-194201,0x11950d141ecb863f01007add7d1a342041227b58,12235742366502472531099389
-192300,260441403363430104175498,1742097602,-194201,0x11950d141ecb863f01007add7d1a342041227b58,12496183769865902635274887
-192240,-297354118366244941975559,1742097602,-194201,0x11950d141ecb863f01007add7d1a342041227b58,12198829651499657693299328
-192180,13190573276523669715188,1742097602,-194201,0x11950d141ecb863f01007add7d1a342041227b58,12212020224776181363014516
-192120,-31633414328126308520699,1742097602,-194201,0x11950d141ecb863f01007add7d1a342041227b58,12180386810448055054493817
-192060,27206978862448920111159,1742097602,-194201,0x11950d141ecb863f01007add7d1a342041227b58,12207593789310503974604976
-192000,226727548661483118578523,1742097602,-194201,0x11950d141ecb863f01007add7d1a342041227b58,12434321337971987093183499
-191940,0,1742097602,-194201,0x11950d141ecb863f01007add7d1a342041227b58,12434321337971987093183499
-191880,-71260969245778365028315,1742097602,-194201,0x11950d141ecb863f01007add7d1a342041227b58,12363060368726208728155184
-191820,-5137054319422302472472,1742097602,-194201,0x11950d141ecb863f01007add7d1a342041227b58,12357923314406786425682712
-191760,186825080022305105076165,1742097602,-194201,0x11950d141ecb863f01007add7d1a342041227b58,12544748394429091530758877
-191700,17454537256364938761907,1742097602,-194201,0x11950d141ecb863f01007add7d1a342041227b58,12562202931685456469520784
-191640,-460412205173827950599156,1742097602,-194201,0x11950d141ecb863f01007add7d1a342041227b58,12101790726511628518921628
-191580,-14792374003213804053888,1742097602,-194201,0x11950d141ecb863f01007add7d1a342041227b58,12086998352508414714867740
-191520,3478881031304938764223401,1742097602,-194201,0x11950d141ecb863f01007add7d1a342041227b58,15565879383813353479091141
-191460,0,1742097602,-194201,0x11950d141ecb863f01007add7d1a342041227b58,15565879383813353479091141
-191400,4001262554561687191340573,1742097602,-194201,0x11950d141ecb863f01007add7d1a342041227b58,19567141938375040670431714
-191340,0,1742097602,-194201,0x11950d141ecb863f01007add7d1a342041227b58,19567141938375040670431714
-191280,0,1742097602,-194201,0x11950d141ecb863f01007add7d1a342041227b58,19567141938375040670431714
-191220,0,1742097602,-194201,0x11950d141ecb863f01007add7d1a342041227b58,19567141938375040670431714
-191160,0,1742097602,-194201,0x11950d141ecb863f01007add7d1a342041227b58,19567141938375040670431714
-191100,-178173620807686082199725,1742097602,-194201,0x11950d141ecb863f01007add7d1a342041227b58,19388968317567354588231989
-191040,332654621499045829257397,1742097602,-194201,0x11950d141ecb863f01007add7d1a342041227b58,19721622939066400417489386
-190980,0,1742097602,-194201,0x11950d141ecb863f01007add7d1a342041227b58,19721622939066400417489386
-190920,281490527541888824531649,1742097602,-194201,0x11950d141ecb863f01007add7d1a342041227b58,20003113466608289242021035
-190860,-41677520357285428477450,1742097602,-194201,0x11950d141ecb863f01007add7d1a342041227b58,19961435946251003813543585
-190800,-114987855039462564682148,1742097602,-194201,0x11950d141ecb863f01007add7d1a342041227b58,19846448091211541248861437
-190740,0,1742097602,-194201,0x11950d141ecb863f01007add7d1a342041227b58,19846448091211541248861437
-190680,-21457659430198066789846,1742097602,-194201,0x11950d141ecb863f01007add7d1a342041227b58,19824990431781343182071591
-190620,6964597372620884490612,1742097602,-194201,0x11950d141ecb863f01007add7d1a342041227b58,19831955029153964066562203
-190560,0,1742097602,-194201,0x11950d141ecb863f01007add7d1a342041227b58,19831955029153964066562203
-190500,0,1742097602,-194201,0x11950d141ecb863f01007add7d1a342041227b58,19831955029153964066562203
-190440,0,1742097602,-194201,0x11950d141ecb863f01007add7d1a342041227b58,19831955029153964066562203
-190380,0,1742097602,-194201,0x11950d141ecb863f01007add7d1a342041227b58,19831955029153964066562203
-190320,-643416704955509598118531,1742097602,-194201,0x11950d141ecb863f01007add7d1a342041227b58,19188538324198454468443672
-190260,0,1742097602,-194201,0x11950d141ecb863f01007add7d1a342041227b58,19188538324198454468443672
-190200,0,1742097602,-194201,0x11950d141ecb863f01007add7d1a342041227b58,19188538324198454468443672
-190140,-131320786823357934864364,1742097602,-194201,0x11950d141ecb863f01007add7d1a342041227b58,19057217537375096533579308
-190080,0,1742097602,-194201,0x11950d141ecb863f01007add7d1a342041227b58,19057217537375096533579308
-190020,0,1742097602,-194201,0x11950d141ecb863f01007add7d1a342041227b58,19057217537375096533579308
-189960,83105258139998616714264,1742097602,-194201,0x11950d141ecb863f01007add7d1a342041227b58,19140322795515095150293572
-189900,0,1742097602,-194201,0x11950d141ecb863f01007add7d1a342041227b58,19140322795515095150293572
-189840,3036501465940038551381661,1742097602,-194201,0x11950d141ecb863f01007add7d1a342041227b58,22176824261455133701675233
-189780,1300255778903501447687926,1742097602,-194201,0x11950d141ecb863f01007add7d1a342041227b58,23477080040358635149363159
-189720,-20622327102739274498467,1742097602,-194201,0x11950d141ecb863f01007add7d1a342041227b58,23456457713255895874864692
-189660,0,1742097602,-194201,0x11950d141ecb863f01007add7d1a342041227b58,23456457713255895874864692
-189600,-501607366393074780073,1742097602,-194201,0x11950d141ecb863f01007add7d1a342041227b58,23455956105889502800084619
-189540,-115225802335057099882650,1742097602,-194201,0x11950d141ecb863f01007add7d1a342041227b58,23340730303554445700201969
-189480,-62259288683811663044,1742097602,-194201,0x11950d141ecb863f01007add7d1a342041227b58,23340668044265761888538925
-189420,0,1742097602,-194201,0x11950d141ecb863f01007add7d1a342041227b58,23340668044265761888538925
-189360,-4001262554561687191340573,1742097602,-194201,0x11950d141ecb863f01007add7d1a342041227b58,19339405489704074697198352
-189300,-18662382261585576051603,1742097602,-194201,0x11950d141ecb863f01007add7d1a342041227b58,19320743107442489121146749
-189240,0,1742097602,-194201,0x11950d141ecb863f01007add7d1a342041227b58,19320743107442489121146749
-189180,37943784569581741643039,1742097602,-194201,0x11950d141ecb863f01007add7d1a342041227b58,19358686892012070862789788
-189120,-789046158060439429585,1742097602,-194201,0x11950d141ecb863f01007add7d1a342041227b58,19357897845854010423360203
-189060,0,1742097602,-194201,0x11950d141ecb863f01007add7d1a342041227b58,19357897845854010423360203
-189000,0,1742097602,-194201,0x11950d141ecb863f01007add7d1a342041227b58,19357897845854010423360203
-188940,-3426987125066477655378231,1742097602,-194201,0x11950d141ecb863f01007add7d1a342041227b58,15930910720787532767981972
-188880,-178060566527730948664838,1742097602,-194201,0x11950d141ecb863f01007add7d1a342041227b58,15752850154259801819317134
-188820,-60899483065008433395,1742097602,-194201,0x11950d141ecb863f01007add7d1a342041227b58,15752789254776736810883739
-188760,0,1742097602,-194201,0x11950d141ecb863f01007add7d1a342041227b58,15752789254776736810883739
-188700,9964583522992211923957919,1742097602,-194201,0x11950d141ecb863f01007add7d1a342041227b58,25717372777768948734841658
-188640,14003453025923580268293682,1742097602,-194201,0x11950d141ecb863f01007add7d1a342041227b58,39720825803692529003135340
-188580,-576172184556864355172627,1742097602,-194201,0x11950d141ecb863f01007add7d1a342041227b58,39144653619135664647962713
-188520,-5183683323680543632013,1742097602,-194201,0x11950d141ecb863f01007add7d1a342041227b58,39139469935811984104330700
-188460,17221414038124108050349621,1742097602,-194201,0x11950d141ecb863f01007add7d1a342041227b58,56360883973936092154680321
-188400,-413519713996930872746,1742097602,-194201,0x11950d141ecb863f01007add7d1a342041227b58,56360470454222095223807575
-188340,0,1742097602,-194201,0x11950d141ecb863f01007add7d1a342041227b58,56360470454222095223807575
-188280,-327043882717967630521444,1742097602,-194201,0x11950d141ecb863f01007add7d1a342041227b58,56033426571504127593286131
-188220,-10612735910911533858781419,1742097602,-194201,0x11950d141ecb863f01007add7d1a342041227b58,45420690660592593734504712
-188160,0,1742097602,-194201,0x11950d141ecb863f01007add7d1a342041227b58,45420690660592593734504712
-188100,-333992817886284442823020,1742097602,-194201,0x11950d141ecb863f01007add7d1a342041227b58,45086697842706309291681692
-188040,0,1742097602,-194201,0x11950d141ecb863f01007add7d1a342041227b58,45086697842706309291681692
-187980,7876415399352564637270,1742097602,-194201,0x11950d141ecb863f01007add7d1a342041227b58,45094574258105661856318962
-187920,-301434610044533976953477,1742097602,-194201,0x11950d141ecb863f01007add7d1a342041227b58,44793139648061127879365485
-187860,0,1742097602,-194201,0x11950d141ecb863f01007add7d1a342041227b58,44793139648061127879365485
-187800,-326734431972368151995,1742097602,-194201,0x11950d141ecb863f01007add7d1a342041227b58,44792812913629155511213490
-187740,-49982526615727861877274,1742097602,-194201,0x11950d141ecb863f01007add7d1a342041227b58,44742830387013427649336216
-187680,-150446312325462490401585,1742097602,-194201,0x11950d141ecb863f01007add7d1a342041227b58,44592384074687965158934631
-187620,0,1742097602,-194201,0x11950d141ecb863f01007add7d1a342041227b58,44592384074687965158934631
-187560,0,1742097602,-194201,0x11950d141ecb863f01007add7d1a342041227b58,44592384074687965158934631
-187500,0,1742097602,-194201,0x11950d141ecb863f01007add7d1a342041227b58,44592384074687965158934631
-187440,0,1742097602,-194201,0x11950d141ecb863f01007add7d1a342041227b58,44592384074687965158934631
-187380,-3301856414204404989407507,1742097602,-194201,0x11950d141ecb863f01007add7d1a342041227b58,41290527660483560169527124
-187320,27889043349616244227650081,1742097602,-194201,0x11950d141ecb863f01007add7d1a342041227b58,69179571010099804397177205
-187260,-19120451127086134302161,1742097602,-194201,0x11950d141ecb863f01007add7d1a342041227b58,69160450558972718262875044
-187200,-1231303399001245366640,1742097602,-194201,0x11950d141ecb863f01007add7d1a342041227b58,69159219255573717017508404
-187140,-20130195869250868792876,1742097602,-194201,0x11950d141ecb863f01007add7d1a342041227b58,69139089059704466148715528
-187080,0,1742097602,-194201,0x11950d141ecb863f01007add7d1a342041227b58,69139089059704466148715528
-187020,-3831249945282541279957,1742097602,-194201,0x11950d141ecb863f01007add7d1a342041227b58,69135257809759183607435571
-186960,-15583645565773559637972,1742097602,-194201,0x11950d141ecb863f01007add7d1a342041227b58,69119674164193410047797599
-186900,-39878661401033542163804,1742097602,-194201,0x11950d141ecb863f01007add7d1a342041227b58,69079795502792376505633795
-186840,-65495447112375219633066,1742097602,-194201,0x11950d141ecb863f01007add7d1a342041227b58,69014300055680001286000729
-186780,-273881693310630839196641,1742097602,-194201,0x11950d141ecb863f01007add7d1a342041227b58,68740418362369370446804088
-186720,0,1742097602,-194201,0x11950d141ecb863f01007add7d1a342041227b58,68740418362369370446804088
-186660,0,1742097602,-194201,0x11950d141ecb863f01007add7d1a342041227b58,68740418362369370446804088
-186600,-1283174079455510565774,1742097602,-194201,0x11950d141ecb863f01007add7d1a342041227b58,68739135188289914936238314
-186540,0,1742097602,-194201,0x11950d141ecb863f01007add7d1a342041227b58,68739135188289914936238314
-186480,-9997590201021590965455,1742097602,-194201,0x11950d141ecb863f01007add7d1a342041227b58,68729137598088893345272859
-186420,0,1742097602,-194201,0x11950d141ecb863f01007add7d1a342041227b58,68729137598088893345272859
-186360,-441841025344714205561657,1742097602,-194201,0x11950d141ecb863f01007add7d1a342041227b58,68287296572744179139711202
-186300,-20316831780877091658332,1742097602,-194201,0x11950d141ecb863f01007add7d1a342041227b58,68266979740963302048052870
-186240,-11339610776293561125702,1742097602,-194201,0x11950d141ecb863f01007add7d1a342041227b58,68255640130187008486927168
-186180,0,1742097602,-194201,0x11950d141ecb863f01007add7d1a342041227b58,68255640130187008486927168
-186120,-38193003199805991704393,1742097602,-194201,0x11950d141ecb863f01007add7d1a342041227b58,68217447126987202495222775
-186060,0,1742097602,-194201,0x11950d141ecb863f01007add7d1a342041227b58,68217447126987202495222775
-186000,-20123481786293876718145,1742097602,-194201,0x11950d141ecb863f01007add7d1a342041227b58,68197323645200908618504630
-185940,0,1742097602,-194201,0x11950d141ecb863f01007add7d1a342041227b58,68197323645200908618504630
-185880,0,1742097602,-194201,0x11950d141ecb863f01007add7d1a342041227b58,68197323645200908618504630
-185820,0,1742097602,-194201,0x11950d141ecb863f01007add7d1a342041227b58,68197323645200908618504630
-185760,0,1742097602,-194201,0x11950d141ecb863f01007add7d1a342041227b58,68197323645200908618504630
-185700,0,1742097602,-194201,0x11950d141ecb863f01007add7d1a342041227b58,68197323645200908618504630
-185640,0,1742097602,-194201,0x11950d141ecb863f01007add7d1a342041227b58,68197323645200908618504630
-185580,-40551702787671419986941,1742097602,-194201,0x11950d141ecb863f01007add7d1a342041227b58,68156771942413237198517689
-185520,0,1742097602,-194201,0x11950d141ecb863f01007add7d1a342041227b58,68156771942413237198517689
-185460,0,1742097602,-194201,0x11950d141ecb863f01007add7d1a342041227b58,68156771942413237198517689
-185400,0,1742097602,-194201,0x11950d141ecb863f01007add7d1a342041227b58,68156771942413237198517689
-185340,0,1742097602,-194201,0x11950d141ecb863f01007add7d1a342041227b58,68156771942413237198517689
-185280,-130169630979365171944765,1742097602,-194201,0x11950d141ecb863f01007add7d1a342041227b58,68026602311433872026572924
-185160,-202426370640124817489015,1742097602,-194201,0x11950d141ecb863f01007add7d1a342041227b58,67824175940793747209083909
-185040,0,1742097602,-194201,0x11950d141ecb863f01007add7d1a342041227b58,67824175940793747209083909
-184920,0,1742097602,-194201,0x11950d141ecb863f01007add7d1a342041227b58,67824175940793747209083909
-184860,-8297026636374847835781,1742097602,-194201,0x11950d141ecb863f01007add7d1a342041227b58,67815878914157372361248128
-184800,-6758998390215052224812,1742097602,-194201,0x11950d141ecb863f01007add7d1a342041227b58,67809119915767157309023316
-184620,0,1742097602,-194201,0x11950d141ecb863f01007add7d1a342041227b58,67809119915767157309023316
-184560,-1545923911077843788498,1742097602,-194201,0x11950d141ecb863f01007add7d1a342041227b58,67807573991856079465234818
-184500,-32896388771746811927331205,1742097602,-194201,0x11950d141ecb863f01007add7d1a342041227b58,34911185220109267537903613
-184440,0,1742097602,-194201,0x11950d141ecb863f01007add7d1a342041227b58,34911185220109267537903613
-184320,-87753039334419382307483,1742097602,-194201,0x11950d141ecb863f01007add7d1a342041227b58,34823432180774848155596130
-184260,-26900698534396786941665,1742097602,-194201,0x11950d141ecb863f01007add7d1a342041227b58,34796531482240451368654465
-184200,0,1742097602,-194201,0x11950d141ecb863f01007add7d1a342041227b58,34796531482240451368654465
-184140,0,1742097602,-194201,0x11950d141ecb863f01007add7d1a342041227b58,34796531482240451368654465
-184080,0,1742097602,-194201,0x11950d141ecb863f01007add7d1a342041227b58,34796531482240451368654465
-184020,0,1742097602,-194201,0x11950d141ecb863f01007add7d1a342041227b58,34796531482240451368654465
-183960,-15549148287080114522185,1742097602,-194201,0x11950d141ecb863f01007add7d1a342041227b58,34780982333953371254132280
-183780,0,1742097602,-194201,0x11950d141ecb863f01007add7d1a342041227b58,34780982333953371254132280
-183720,0,1742097602,-194201,0x11950d141ecb863f01007add7d1a342041227b58,34780982333953371254132280
-183600,0,1742097602,-194201,0x11950d141ecb863f01007add7d1a342041227b58,34780982333953371254132280
-183480,0,1742097602,-194201,0x11950d141ecb863f01007add7d1a342041227b58,34780982333953371254132280
-183420,0,1742097602,-194201,0x11950d141ecb863f01007add7d1a342041227b58,34780982333953371254132280
-183360,0,1742097602,-194201,0x11950d141ecb863f01007add7d1a342041227b58,34780982333953371254132280
-183300,0,1742097602,-194201,0x11950d141ecb863f01007add7d1a342041227b58,34780982333953371254132280
-183240,0,1742097602,-194201,0x11950d141ecb863f01007add7d1a342041227b58,34780982333953371254132280
-183180,0,1742097602,-194201,0x11950d141ecb863f01007add7d1a342041227b58,34780982333953371254132280
-183120,0,1742097602,-194201,0x11950d141ecb863f01007add7d1a342041227b58,34780982333953371254132280
-183060,-24541432757378464768934,1742097602,-194201,0x11950d141ecb863f01007add7d1a342041227b58,34756440901195992789363346
-183000,-4535387589993455002087,1742097602,-194201,0x11950d141ecb863f01007add7d1a342041227b58,34751905513605999334361259
-182940,0,1742097602,-194201,0x11950d141ecb863f01007add7d1a342041227b58,34751905513605999334361259
-182880,0,1742097602,-194201,0x11950d141ecb863f01007add7d1a342041227b58,34751905513605999334361259
-182820,-302230975916907726286126,1742097602,-194201,0x11950d141ecb863f01007add7d1a342041227b58,34449674537689091608075133
-182760,0,1742097602,-194201,0x11950d141ecb863f01007add7d1a342041227b58,34449674537689091608075133
-182700,0,1742097602,-194201,0x11950d141ecb863f01007add7d1a342041227b58,34449674537689091608075133
-182640,0,1742097602,-194201,0x11950d141ecb863f01007add7d1a342041227b58,34449674537689091608075133
-182580,-9028337656777113283801,1742097602,-194201,0x11950d141ecb863f01007add7d1a342041227b58,34440646200032314494791332
-182520,0,1742097602,-194201,0x11950d141ecb863f01007add7d1a342041227b58,34440646200032314494791332
-182460,0,1742097602,-194201,0x11950d141ecb863f01007add7d1a342041227b58,34440646200032314494791332
-182340,-28142707462689774952583977,1742097602,-194201,0x11950d141ecb863f01007add7d1a342041227b58,6297938737342539542207355
-182280,-2236787018548080098207081,1742097602,-194201,0x11950d141ecb863f01007add7d1a342041227b58,4061151718794459444000274
-182220,-99042740244294189146265,1742097602,-194201,0x11950d141ecb863f01007add7d1a342041227b58,3962108978550165254854009
-182100,0,1742097602,-194201,0x11950d141ecb863f01007add7d1a342041227b58,3962108978550165254854009
-182040,0,1742097602,-194201,0x11950d141ecb863f01007add7d1a342041227b58,3962108978550165254854009
-181980,0,1742097602,-194201,0x11950d141ecb863f01007add7d1a342041227b58,3962108978550165254854009
-181860,-932991741287765435678,1742097602,-194201,0x11950d141ecb863f01007add7d1a342041227b58,3961175986808877489418331
-181800,0,1742097602,-194201,0x11950d141ecb863f01007add7d1a342041227b58,3961175986808877489418331
-181740,-3277197959372061,1742097602,-194201,0x11950d141ecb863f01007add7d1a342041227b58,3961175983531679530046270
-181620,0,1742097602,-194201,0x11950d141ecb863f01007add7d1a342041227b58,3961175983531679530046270
-181560,0,1742097602,-194201,0x11950d141ecb863f01007add7d1a342041227b58,3961175983531679530046270
-181500,0,1742097602,-194201,0x11950d141ecb863f01007add7d1a342041227b58,3961175983531679530046270
-181440,0,1742097602,-194201,0x11950d141ecb863f01007add7d1a342041227b58,3961175983531679530046270
-181380,0,1742097602,-194201,0x11950d141ecb863f01007add7d1a342041227b58,3961175983531679530046270
-181320,0,1742097602,-194201,0x11950d141ecb863f01007add7d1a342041227b58,3961175983531679530046270
-181080,-87703550921790136680269,1742097602,-194201,0x11950d141ecb863f01007add7d1a342041227b58,3873472432609889393366001
-181020,0,1742097602,-194201,0x11950d141ecb863f01007add7d1a342041227b58,3873472432609889393366001
-180960,-118754559977395853252,1742097602,-194201,0x11950d141ecb863f01007add7d1a342041227b58,3873353678049911997512749
-180840,0,1742097602,-194201,0x11950d141ecb863f01007add7d1a342041227b58,3873353678049911997512749
-180720,-22456521408846213881014,1742097602,-194201,0x11950d141ecb863f01007add7d1a342041227b58,3850897156641065783631735
-180660,0,1742097602,-194201,0x11950d141ecb863f01007add7d1a342041227b58,3850897156641065783631735
-180600,0,1742097602,-194201,0x11950d141ecb863f01007add7d1a342041227b58,3850897156641065783631735
-180540,0,1742097602,-194201,0x11950d141ecb863f01007add7d1a342041227b58,3850897156641065783631735
-180360,0,1742097602,-194201,0x11950d141ecb863f01007add7d1a342041227b58,3850897156641065783631735
-180240,0,1742097602,-194201,0x11950d141ecb863f01007add7d1a342041227b58,3850897156641065783631735
-180180,0,1742097602,-194201,0x11950d141ecb863f01007add7d1a342041227b58,3850897156641065783631735
-180000,0,1742097602,-194201,0x11950d141ecb863f01007add7d1a342041227b58,3850897156641065783631735
-179940,-24951377110212659688892,1742097602,-194201,0x11950d141ecb863f01007add7d1a342041227b58,3825945779530853123942843
-179640,0,1742097602,-194201,0x11950d141ecb863f01007add7d1a342041227b58,3825945779530853123942843
-179460,0,1742097602,-194201,0x11950d141ecb863f01007add7d1a342041227b58,3825945779530853123942843
-179400,0,1742097602,-194201,0x11950d141ecb863f01007add7d1a342041227b58,3825945779530853123942843
-179100,-297094660863797458001,1742097602,-194201,0x11950d141ecb863f01007add7d1a342041227b58,3825648684869989326484842
-178980,-881018412162472662855,1742097602,-194201,0x11950d141ecb863f01007add7d1a342041227b58,3824767666457826853821987
-178920,-28325807021510196152675,1742097602,-194201,0x11950d141ecb863f01007add7d1a342041227b58,3796441859436316657669312
-178740,0,1742097602,-194201,0x11950d141ecb863f01007add7d1a342041227b58,3796441859436316657669312
-178620,0,1742097602,-194201,0x11950d141ecb863f01007add7d1a342041227b58,3796441859436316657669312
-178320,0,1742097602,-194201,0x11950d141ecb863f01007add7d1a342041227b58,3796441859436316657669312
-178260,-1914344660706811568249,1742097602,-194201,0x11950d141ecb863f01007add7d1a342041227b58,3794527514775609846101063
-178020,0,1742097602,-194201,0x11950d141ecb863f01007add7d1a342041227b58,3794527514775609846101063
-177780,0,1742097602,-194201,0x11950d141ecb863f01007add7d1a342041227b58,3794527514775609846101063
-177600,0,1742097602,-194201,0x11950d141ecb863f01007add7d1a342041227b58,3794527514775609846101063
-177420,0,1742097602,-194201,0x11950d141ecb863f01007add7d1a342041227b58,3794527514775609846101063
-177300,0,1742097602,-194201,0x11950d141ecb863f01007add7d1a342041227b58,3794527514775609846101063
-177240,-74743647305319151041275,1742097602,-194201,0x11950d141ecb863f01007add7d1a342041227b58,3719783867470290695059788
-177120,-21341929599757231554329,1742097602,-194201,0x11950d141ecb863f01007add7d1a342041227b58,3698441937870533463505459
-177060,0,1742097602,-194201,0x11950d141ecb863f01007add7d1a342041227b58,3698441937870533463505459
-177000,-33669396139931118668394,1742097602,-194201,0x11950d141ecb863f01007add7d1a342041227b58,3664772541730602344837065
-176580,0,1742097602,-194201,0x11950d141ecb863f01007add7d1a342041227b58,3664772541730602344837065
-176400,0,1742097602,-194201,0x11950d141ecb863f01007add7d1a342041227b58,3664772541730602344837065
-176220,0,1742097602,-194201,0x11950d141ecb863f01007add7d1a342041227b58,3664772541730602344837065
-176040,-367645042941061526202421,1742097602,-194201,0x11950d141ecb863f01007add7d1a342041227b58,3297127498789540818634644
-175980,0,1742097602,-194201,0x11950d141ecb863f01007add7d1a342041227b58,3297127498789540818634644
-175800,-8267760457056902807888,1742097602,-194201,0x11950d141ecb863f01007add7d1a342041227b58,3288859738332483915826756
-175560,0,1742097602,-194201,0x11950d141ecb863f01007add7d1a342041227b58,3288859738332483915826756
-175440,0,1742097602,-194201,0x11950d141ecb863f01007add7d1a342041227b58,3288859738332483915826756
-175380,0,1742097602,-194201,0x11950d141ecb863f01007add7d1a342041227b58,3288859738332483915826756
-175320,-136503261373922705047448,1742097602,-194201,0x11950d141ecb863f01007add7d1a342041227b58,3152356476958561210779308
-175140,-1194611637160682749932,1742097602,-194201,0x11950d141ecb863f01007add7d1a342041227b58,3151161865321400528029376
-175080,0,1742097602,-194201,0x11950d141ecb863f01007add7d1a342041227b58,3151161865321400528029376
-175020,0,1742097602,-194201,0x11950d141ecb863f01007add7d1a342041227b58,3151161865321400528029376
-174480,0,1742097602,-194201,0x11950d141ecb863f01007add7d1a342041227b58,3151161865321400528029376
-174300,0,1742097602,-194201,0x11950d141ecb863f01007add7d1a342041227b58,3151161865321400528029376
-174060,0,1742097602,-194201,0x11950d141ecb863f01007add7d1a342041227b58,3151161865321400528029376
-173940,0,1742097602,-194201,0x11950d141ecb863f01007add7d1a342041227b58,3151161865321400528029376
-173760,0,1742097602,-194201,0x11950d141ecb863f01007add7d1a342041227b58,3151161865321400528029376
-173700,-485125111750305859761,1742097602,-194201,0x11950d141ecb863f01007add7d1a342041227b58,3150676740209650222169615
-173400,0,1742097602,-194201,0x11950d141ecb863f01007add7d1a342041227b58,3150676740209650222169615
-173280,0,1742097602,-194201,0x11950d141ecb863f01007add7d1a342041227b58,3150676740209650222169615
-173220,0,1742097602,-194201,0x11950d141ecb863f01007add7d1a342041227b58,3150676740209650222169615
-173160,0,1742097602,-194201,0x11950d141ecb863f01007add7d1a342041227b58,3150676740209650222169615
-173040,0,1742097602,-194201,0x11950d141ecb863f01007add7d1a342041227b58,3150676740209650222169615
-172560,0,1742097602,-194201,0x11950d141ecb863f01007add7d1a342041227b58,3150676740209650222169615
-172500,0,1742097602,-194201,0x11950d141ecb863f01007add7d1a342041227b58,3150676740209650222169615
-172440,0,1742097602,-194201,0x11950d141ecb863f01007add7d1a342041227b58,3150676740209650222169615
-172200,0,1742097602,-194201,0x11950d141ecb863f01007add7d1a342041227b58,3150676740209650222169615
-171840,-169155553189086528137272,1742097602,-194201,0x11950d141ecb863f01007add7d1a342041227b58,2981521187020563694032343
-171780,0,1742097602,-194201,0x11950d141ecb863f01007add7d1a342041227b58,2981521187020563694032343
-171720,0,1742097602,-194201,0x11950d141ecb863f01007add7d1a342041227b58,2981521187020563694032343
-171600,0,1742097602,-194201,0x11950d141ecb863f01007add7d1a342041227b58,2981521187020563694032343
-171540,0,1742097602,-194201,0x11950d141ecb863f01007add7d1a342041227b58,2981521187020563694032343
-171480,0,1742097602,-194201,0x11950d141ecb863f01007add7d1a342041227b58,2981521187020563694032343
-171300,-1257841265808761710627,1742097602,-194201,0x11950d141ecb863f01007add7d1a342041227b58,2980263345754754932321716
-170820,0,1742097602,-194201,0x11950d141ecb863f01007add7d1a342041227b58,2980263345754754932321716
-170400,0,1742097602,-194201,0x11950d141ecb863f01007add7d1a342041227b58,2980263345754754932321716
-170340,0,1742097602,-194201,0x11950d141ecb863f01007add7d1a342041227b58,2980263345754754932321716
-170220,0,1742097602,-194201,0x11950d141ecb863f01007add7d1a342041227b58,2980263345754754932321716
-169740,0,1742097602,-194201,0x11950d141ecb863f01007add7d1a342041227b58,2980263345754754932321716
-169620,0,1742097602,-194201,0x11950d141ecb863f01007add7d1a342041227b58,2980263345754754932321716
-169440,0,1742097602,-194201,0x11950d141ecb863f01007add7d1a342041227b58,2980263345754754932321716
-168900,0,1742097602,-194201,0x11950d141ecb863f01007add7d1a342041227b58,2980263345754754932321716
-168480,0,1742097602,-194201,0x11950d141ecb863f01007add7d1a342041227b58,2980263345754754932321716
-168120,-13208236870057373572861,1742097602,-194201,0x11950d141ecb863f01007add7d1a342041227b58,2967055108884697558748855
-168060,0,1742097602,-194201,0x11950d141ecb863f01007add7d1a342041227b58,2967055108884697558748855
-167940,-5918155103981971072012,1742097602,-194201,0x11950d141ecb863f01007add7d1a342041227b58,2961136953780715587676843
-167220,0,1742097602,-194201,0x11950d141ecb863f01007add7d1a342041227b58,2961136953780715587676843
-165240,-715927214815753646,1742097602,-194201,0x11950d141ecb863f01007add7d1a342041227b58,2961136237853500771923197
-164820,0,1742097602,-194201,0x11950d141ecb863f01007add7d1a342041227b58,2961136237853500771923197
-164760,-8957685796375272667863,1742097602,-194201,0x11950d141ecb863f01007add7d1a342041227b58,2952178552057125499255334
-164520,0,1742097602,-194201,0x11950d141ecb863f01007add7d1a342041227b58,2952178552057125499255334
-164160,0,1742097602,-194201,0x11950d141ecb863f01007add7d1a342041227b58,2952178552057125499255334
-163440,0,1742097602,-194201,0x11950d141ecb863f01007add7d1a342041227b58,2952178552057125499255334
-163260,0,1742097602,-194201,0x11950d141ecb863f01007add7d1a342041227b58,2952178552057125499255334
-163020,0,1742097602,-194201,0x11950d141ecb863f01007add7d1a342041227b58,2952178552057125499255334
-162720,0,1742097602,-194201,0x11950d141ecb863f01007add7d1a342041227b58,2952178552057125499255334
-162600,0,1742097602,-194201,0x11950d141ecb863f01007add7d1a342041227b58,2952178552057125499255334
-162240,-1075723225412102089918930,1742097602,-194201,0x11950d141ecb863f01007add7d1a342041227b58,1876455326645023409336404
-162060,0,1742097602,-194201,0x11950d141ecb863f01007add7d1a342041227b58,1876455326645023409336404
-161640,0,1742097602,-194201,0x11950d141ecb863f01007add7d1a342041227b58,1876455326645023409336404
-161280,-780163428890861999547,1742097602,-194201,0x11950d141ecb863f01007add7d1a342041227b58,1875675163216132547336857
-161220,0,1742097602,-194201,0x11950d141ecb863f01007add7d1a342041227b58,1875675163216132547336857
-161160,0,1742097602,-194201,0x11950d141ecb863f01007add7d1a342041227b58,1875675163216132547336857
-160380,0,1742097602,-194201,0x11950d141ecb863f01007add7d1a342041227b58,1875675163216132547336857
-159600,-1561737371246989770200708,1742097602,-194201,0x11950d141ecb863f01007add7d1a342041227b58,313937791969142777136149
-158940,0,1742097602,-194201,0x11950d141ecb863f01007add7d1a342041227b58,313937791969142777136149
-158820,0,1742097602,-194201,0x11950d141ecb863f01007add7d1a342041227b58,313937791969142777136149
-158700,0,1742097602,-194201,0x11950d141ecb863f01007add7d1a342041227b58,313937791969142777136149
-158580,0,1742097602,-194201,0x11950d141ecb863f01007add7d1a342041227b58,313937791969142777136149
-157620,0,1742097602,-194201,0x11950d141ecb863f01007add7d1a342041227b58,313937791969142777136149
-156660,0,1742097602,-194201,0x11950d141ecb863f01007add7d1a342041227b58,313937791969142777136149
-153900,0,1742097602,-194201,0x11950d141ecb863f01007add7d1a342041227b58,313937791969142777136149
-153720,0,1742097602,-194201,0x11950d141ecb863f01007add7d1a342041227b58,313937791969142777136149
-152760,0,1742097602,-194201,0x11950d141ecb863f01007add7d1a342041227b58,313937791969142777136149
-152580,-50854312550244627253831,1742097602,-194201,0x11950d141ecb863f01007add7d1a342041227b58,263083479418898149882318
-152460,-10457007606858149533491,1742097602,-194201,0x11950d141ecb863f01007add7d1a342041227b58,252626471812040000348827
-151440,0,1742097602,-194201,0x11950d141ecb863f01007add7d1a342041227b58,252626471812040000348827
-150420,0,1742097602,-194201,0x11950d141ecb863f01007add7d1a342041227b58,252626471812040000348827
-150060,0,1742097602,-194201,0x11950d141ecb863f01007add7d1a342041227b58,252626471812040000348827
-149280,0,1742097602,-194201,0x11950d141ecb863f01007add7d1a342041227b58,252626471812040000348827
-145020,0,1742097602,-194201,0x11950d141ecb863f01007add7d1a342041227b58,252626471812040000348827
-139620,0,1742097602,-194201,0x11950d141ecb863f01007add7d1a342041227b58,252626471812040000348827
-139560,0,1742097602,-194201,0x11950d141ecb863f01007add7d1a342041227b58,252626471812040000348827
-138180,-6333520342769621479624,1742097602,-194201,0x11950d141ecb863f01007add7d1a342041227b58,246292951469270378869203
-138120,0,1742097602,-194201,0x11950d141ecb863f01007add7d1a342041227b58,246292951469270378869203
-133560,0,1742097602,-194201,0x11950d141ecb863f01007add7d1a342041227b58,246292951469270378869203
-130920,0,1742097602,-194201,0x11950d141ecb863f01007add7d1a342041227b58,246292951469270378869203
-126660,0,1742097602,-194201,0x11950d141ecb863f01007add7d1a342041227b58,246292951469270378869203
-123600,0,1742097602,-194201,0x11950d141ecb863f01007add7d1a342041227b58,246292951469270378869203
-119640,0,1742097602,-194201,0x11950d141ecb863f01007add7d1a342041227b58,246292951469270378869203
-115980,0,1742097602,-194201,0x11950d141ecb863f01007add7d1a342041227b58,246292951469270378869203
-115200,0,1742097602,-194201,0x11950d141ecb863f01007add7d1a342041227b58,246292951469270378869203
-115140,0,1742097602,-194201,0x11950d141ecb863f01007add7d1a342041227b58,246292951469270378869203
-114600,0,1742097602,-194201,0x11950d141ecb863f01007add7d1a342041227b58,246292951469270378869203
-113880,0,1742097602,-194201,0x11950d141ecb863f01007add7d1a342041227b58,246292951469270378869203
-108180,0,1742097602,-194201,0x11950d141ecb863f01007add7d1a342041227b58,246292951469270378869203
-99060,0,1742097602,-194201,0x11950d141ecb863f01007add7d1a342041227b58,246292951469270378869203
-96180,0,1742097602,-194201,0x11950d141ecb863f01007add7d1a342041227b58,246292951469270378869203
-92220,0,1742097602,-194201,0x11950d141ecb863f01007add7d1a342041227b58,246292951469270378869203
-92160,0,1742097602,-194201,0x11950d141ecb863f01007add7d1a342041227b58,246292951469270378869203
-85200,0,1742097602,-194201,0x11950d141ecb863f01007add7d1a342041227b58,246292951469270378869203
-55620,0,1742097602,-194201,0x11950d141ecb863f01007add7d1a342041227b58,246292951469270378869203
-54600,0,1742097602,-194201,0x11950d141ecb863f01007add7d1a342041227b58,246292951469270378869203
-46080,-8146801180290562347706,1742097602,-194201,0x11950d141ecb863f01007add7d1a342041227b58,238146150288979816521497
-36900,0,1742097602,-194201,0x11950d141ecb863f01007add7d1a342041227b58,238146150288979816521497
-34020,0,1742097602,-194201,0x11950d141ecb863f01007add7d1a342041227b58,238146150288979816521497
-21840,0,1742097602,-194201,0x11950d141ecb863f01007add7d1a342041227b58,238146150288979816521497
-4980,0,1742097602,-194201,0x11950d141ecb863f01007add7d1a342041227b58,238146150288979816521497
-2580,0,1742097602,-194201,0x11950d141ecb863f01007add7d1a342041227b58,238146150288979816521497
0,0,1742097602,-194201,0x11950d141ecb863f01007add7d1a342041227b58,238146150288979816521497
4980,0,1742097602,-194201,0x11950d141ecb863f01007add7d1a342041227b58,238146150288979816521497
21120,19260886200916840266341222,1742097602,-194201,0x11950d141ecb863f01007add7d1a342041227b58,19499032351205820082862719
23040,0,1742097602,-194201,0x11950d141ecb863f01007add7d1a342041227b58,19499032351205820082862719
65400,0,1742097602,-194201,0x11950d141ecb863f01007add7d1a342041227b58,19499032351205820082862719
67980,0,1742097602,-194201,0x11950d141ecb863f01007add7d1a342041227b58,19499032351205820082862719
69060,0,1742097602,-194201,0x11950d141ecb863f01007add7d1a342041227b58,19499032351205820082862719
75540,-19260886200916840266341222,1742097602,-194201,0x11950d141ecb863f01007add7d1a342041227b58,238146150288979816521497
101280,0,1742097602,-194201,0x11950d141ecb863f01007add7d1a342041227b58,238146150288979816521497
110460,0,1742097602,-194201,0x11950d141ecb863f01007add7d1a342041227b58,238146150288979816521497
131220,0,1742097602,-194201,0x11950d141ecb863f01007add7d1a342041227b58,238146150288979816521497
133560,0,1742097602,-194201,0x11950d141ecb863f01007add7d1a342041227b58,238146150288979816521497
138060,0,1742097602,-194201,0x11950d141ecb863f01007add7d1a342041227b58,238146150288979816521497
138180,-11305281398933431815734,1742097602,-194201,0x11950d141ecb863f01007add7d1a342041227b58,226840868890046384705763
138360,0,1742097602,-194201,0x11950d141ecb863f01007add7d1a342041227b58,226840868890046384705763
142860,0,1742097602,-194201,0x11950d141ecb863f01007add7d1a342041227b58,226840868890046384705763
150240,0,1742097602,-194201,0x11950d141ecb863f01007add7d1a342041227b58,226840868890046384705763
187560,0,1742097602,-194201,0x11950d141ecb863f01007add7d1a342041227b58,226840868890046384705763
192060,0,1742097602,-194201,0x11950d141ecb863f01007add7d1a342041227b58,226840868890046384705763
193500,0,1742097602,-194201,0x11950d141ecb863f01007add7d1a342041227b58,226840868890046384705763
194040,0,1742097602,-194201,0x11950d141ecb863f01007add7d1a342041227b58,226840868890046384705763
198840,0,1742097602,-194201,0x11950d141ecb863f01007add7d1a342041227b58,226840868890046384705763
201840,0,1742097602,-194201,0x11950d141ecb863f01007add7d1a342041227b58,226840868890046384705763
207240,0,1742097602,-194201,0x11950d141ecb863f01007add7d1a342041227b58,226840868890046384705763
209280,0,1742097602,-194201,0x11950d141ecb863f01007add7d1a342041227b58,226840868890046384705763
210840,0,1742097602,-194201,0x11950d141ecb863f01007add7d1a342041227b58,226840868890046384705763
460560,0,1742097602,-194201,0x11950d141ecb863f01007add7d1a342041227b58,226840868890046384705763
529560,0,1742097602,-194201,0x11950d141ecb863f01007add7d1a342041227b58,226840868890046384705763
529620,0,1742097602,-194201,0x11950d141ecb863f01007add7d1a342041227b58,226840868890046384705763
887220,-226840868890046384705763,1742097602,-194201,0x11950d141ecb863f01007add7d1a342041227b58,0
